,Accuracy,Shape
0,"(0.7478448275862069, 0.0, 0)","(0.0, 0.0, 0.0)"
1,"(0.7478448275862069, 0.0, 0)","(0.0, 0.0, 0.0)"
2,"(0.7478448275862069, 0.0, 0)","(0.0, 0.0, 0.0)"
3,"(0.7478448275862069, 0.0, 0)","(0.0, 0.0, 0.0)"
4,"(0.7478448275862069, 0.0, 0)","(0.0, 0.0, 0.0)"
5,"(0.75, 0.01694915254237288, 0.0800352509513293)","(0.0024630541871921183, 0.0642092746730083, 0.03571428571428571)"
6,"(0.75, 0.01694915254237288, 0.0800352509513293)","(0.0024630541871921183, 0.0642092746730083, 0.03571428571428571)"
7,"(0.75, 0.01694915254237288, 0.0800352509513293)","(0.0024630541871921183, 0.0642092746730083, 0.03571428571428571)"
8,"(0.75, 0.01694915254237288, 0.0800352509513293)","(0.0024630541871921183, 0.0642092746730083, 0.03571428571428571)"
9,"(0.75, 0.01694915254237288, 0.0800352509513293)","(0.0024630541871921183, 0.0642092746730083, 0.03571428571428571)"
10,"(0.7478448275862069, 0.01680672268907563, 0.03755209596814582)","(0.0049261083743842365, 0.11890606420927478, 0.03306878306878307)"
11,"(0.7478448275862069, 0.01680672268907563, 0.03755209596814582)","(0.0049261083743842365, 0.11890606420927478, 0.03306878306878307)"
12,"(0.7478448275862069, 0.01680672268907563, 0.03755209596814582)","(0.0049261083743842365, 0.11890606420927478, 0.03306878306878307)"
13,"(0.7478448275862069, 0.01680672268907563, 0.03755209596814582)","(0.0049261083743842365, 0.11890606420927478, 0.03306878306878307)"
14,"(0.7478448275862069, 0.01680672268907563, 0.03755209596814582)","(0.0049261083743842365, 0.11890606420927478, 0.03306878306878307)"
15,"(0.7478448275862069, 0.03305785123966942, 0.053222007509136145)","(0.009852216748768473, 0.475624256837099, 0.10449735449735449)"
16,"(0.7478448275862069, 0.03305785123966942, 0.053222007509136145)","(0.009852216748768473, 0.475624256837099, 0.10449735449735449)"
17,"(0.7478448275862069, 0.03305785123966942, 0.053222007509136145)","(0.009852216748768473, 0.475624256837099, 0.10449735449735449)"
18,"(0.7456896551724138, 0.03278688524590164, 0.035534082542547966)","(0.012315270935960592, 0.7086801426872763, 0.1402116402116402)"
19,"(0.7456896551724138, 0.03278688524590164, 0.035534082542547966)","(0.012315270935960592, 0.7086801426872763, 0.1402116402116402)"
20,"(0.7456896551724138, 0.03278688524590164, 0.035534082542547966)","(0.012315270935960592, 0.7086801426872763, 0.1402116402116402)"
21,"(0.7456896551724138, 0.03278688524590164, 0.035534082542547966)","(0.012315270935960592, 0.7086801426872763, 0.1402116402116402)"
22,"(0.7456896551724138, 0.03278688524590164, 0.035534082542547966)","(0.012315270935960592, 0.7086801426872763, 0.1402116402116402)"
23,"(0.7478448275862069, 0.04878048780487805, 0.0653255474991764)","(0.014778325123152709, 0.7253269916765749, 0.13756613756613756)"
24,"(0.7478448275862069, 0.04878048780487805, 0.0653255474991764)","(0.014778325123152709, 0.7253269916765749, 0.13756613756613756)"
25,"(0.7478448275862069, 0.04878048780487805, 0.0653255474991764)","(0.014778325123152709, 0.7253269916765749, 0.13756613756613756)"
26,"(0.7478448275862069, 0.04878048780487805, 0.0653255474991764)","(0.014778325123152709, 0.7253269916765749, 0.13756613756613756)"
27,"(0.7478448275862069, 0.04878048780487805, 0.0653255474991764)","(0.014778325123152709, 0.7253269916765749, 0.13756613756613756)"
28,"(0.7478448275862069, 0.04878048780487805, 0.0653255474991764)","(0.014778325123152709, 0.7253269916765749, 0.13756613756613756)"
29,"(0.7478448275862069, 0.04878048780487805, 0.0653255474991764)","(0.014778325123152709, 0.7253269916765749, 0.13756613756613756)"
30,"(0.7478448275862069, 0.04878048780487805, 0.0653255474991764)","(0.014778325123152709, 0.7253269916765749, 0.13756613756613756)"
31,"(0.7478448275862069, 0.04878048780487805, 0.0653255474991764)","(0.014778325123152709, 0.7253269916765749, 0.13756613756613756)"
32,"(0.7478448275862069, 0.04878048780487805, 0.0653255474991764)","(0.014778325123152709, 0.7253269916765749, 0.13756613756613756)"
33,"(0.7478448275862069, 0.04878048780487805, 0.0653255474991764)","(0.014778325123152709, 0.7253269916765749, 0.13756613756613756)"
34,"(0.7478448275862069, 0.04878048780487805, 0.0653255474991764)","(0.014778325123152709, 0.7253269916765749, 0.13756613756613756)"
35,"(0.7478448275862069, 0.064, 0.07559668371773438)","(0.019704433497536946, 1.0749108204518427, 0.13227513227513227)"
36,"(0.7456896551724138, 0.04838709677419355, 0.05027937073102171)","(0.017241379310344827, 0.8703923900118902, 0.1349206349206349)"
37,"(0.7478448275862069, 0.064, 0.07559668371773438)","(0.019704433497536946, 0.9369797859690843, 0.13227513227513227)"
38,"(0.7478448275862069, 0.064, 0.07559668371773438)","(0.019704433497536946, 0.9369797859690843, 0.13227513227513227)"
39,"(0.7456896551724138, 0.06349206349206349, 0.06227746466065876)","(0.022167487684729065, 1.2699167657550523, 0.167989417989418)"
40,"(0.7435344827586207, 0.06299212598425197, 0.05052874608906083)","(0.024630541871921183, 1.3864447086801435, 0.16534391534391535)"
41,"(0.7413793103448276, 0.0625, 0.04000452835556658)","(0.027093596059113302, 1.5624256837098678, 0.1626984126984127)"
42,"(0.7435344827586207, 0.07751937984496124, 0.06172739721362361)","(0.029556650246305417, 1.728894173602855, 0.16005291005291006)"
43,"(0.7435344827586207, 0.07751937984496124, 0.06172739721362361)","(0.029556650246305417, 1.728894173602855, 0.16005291005291006)"
44,"(0.7413793103448276, 0.0625, 0.04000452835556658)","(0.027093596059113302, 1.5624256837098678, 0.1626984126984127)"
45,"(0.7435344827586207, 0.07751937984496124, 0.06172739721362361)","(0.029556650246305417, 1.728894173602855, 0.16005291005291006)"
46,"(0.7435344827586207, 0.07751937984496124, 0.06172739721362361)","(0.029556650246305417, 1.7288941736028547, 0.16005291005291006)"
47,"(0.7435344827586207, 0.07751937984496124, 0.06172739721362361)","(0.029556650246305417, 1.7288941736028547, 0.16005291005291006)"
48,"(0.7435344827586207, 0.07751937984496124, 0.06172739721362361)","(0.029556650246305417, 1.7288941736028547, 0.16005291005291006)"
49,"(0.7435344827586207, 0.07751937984496124, 0.06172739721362361)","(0.029556650246305417, 1.7288941736028547, 0.16005291005291006)"
50,"(0.7413793103448276, 0.07692307692307693, 0.05178800293625516)","(0.03201970443349754, 1.9548156956004747, 0.1574074074074074)"
51,"(0.7413793103448276, 0.07692307692307693, 0.05178800293625516)","(0.03201970443349754, 1.9548156956004747, 0.1574074074074074)"
52,"(0.7435344827586207, 0.07751937984496124, 0.06172739721362361)","(0.029556650246305417, 1.7288941736028547, 0.16005291005291006)"
53,"(0.7435344827586207, 0.07751937984496124, 0.06172739721362361)","(0.029556650246305417, 1.7288941736028547, 0.16005291005291006)"
54,"(0.7435344827586207, 0.07751937984496124, 0.06172739721362361)","(0.029556650246305417, 1.7288941736028547, 0.16005291005291006)"
55,"(0.7435344827586207, 0.07751937984496124, 0.06172739721362361)","(0.029556650246305417, 1.7288941736028547, 0.16005291005291006)"
56,"(0.7435344827586207, 0.07751937984496124, 0.06172739721362361)","(0.029556650246305417, 1.7288941736028547, 0.16005291005291006)"
57,"(0.7435344827586207, 0.07751937984496124, 0.06172739721362361)","(0.029556650246305417, 1.7288941736028547, 0.16005291005291006)"
58,"(0.7456896551724138, 0.09230769230769231, 0.08186263793302913)","(0.03201970443349754, 1.8858501783590953, 0.1574074074074074)"
59,"(0.7456896551724138, 0.09230769230769231, 0.08186263793302913)","(0.03201970443349754, 1.8858501783590953, 0.1574074074074074)"
60,"(0.7456896551724138, 0.09230769230769231, 0.08186263793302913)","(0.03201970443349754, 1.8858501783590953, 0.1574074074074074)"
61,"(0.7456896551724138, 0.09230769230769231, 0.08186263793302913)","(0.03201970443349754, 1.8858501783590953, 0.1574074074074074)"
62,"(0.7478448275862069, 0.10687022900763359, 0.10066950497231685)","(0.034482758620689655, 1.9643281807372188, 0.15476190476190477)"
63,"(0.7478448275862069, 0.10687022900763359, 0.10066950497231685)","(0.034482758620689655, 1.9643281807372188, 0.15476190476190477)"
64,"(0.7478448275862069, 0.10687022900763359, 0.10066950497231685)","(0.034482758620689655, 1.9643281807372188, 0.15476190476190477)"
65,"(0.75, 0.12121212121212122, 0.11834893587539658)","(0.03694581280788178, 2.240190249702734, 0.15211640211640212)"
66,"(0.7478448275862069, 0.12030075187969924, 0.1078601838989109)","(0.03940886699507389, 2.2306777645659923, 0.14947089947089948)"
67,"(0.7478448275862069, 0.12030075187969924, 0.1078601838989109)","(0.03940886699507389, 2.2306777645659923, 0.14947089947089948)"
68,"(0.7478448275862069, 0.12030075187969924, 0.1078601838989109)","(0.03940886699507389, 2.2306777645659923, 0.14947089947089948)"
69,"(0.7478448275862069, 0.12030075187969924, 0.1078601838989109)","(0.03940886699507389, 2.2306777645659923, 0.14947089947089948)"
70,"(0.75, 0.13432835820895522, 0.12451248262806959)","(0.04187192118226601, 2.4875148632580264, 0.14682539682539683)"
71,"(0.75, 0.13432835820895522, 0.12451248262806959)","(0.04187192118226601, 2.4875148632580264, 0.14682539682539683)"
72,"(0.75, 0.13432835820895522, 0.12451248262806959)","(0.04187192118226601, 2.4875148632580264, 0.14682539682539683)"
73,"(0.75, 0.13432835820895522, 0.12451248262806959)","(0.04187192118226601, 2.4875148632580264, 0.14682539682539683)"
74,"(0.75, 0.13432835820895522, 0.12451248262806959)","(0.04187192118226601, 2.4875148632580264, 0.14682539682539683)"
75,"(0.75, 0.13432835820895522, 0.12451248262806959)","(0.04187192118226601, 2.4875148632580264, 0.14682539682539683)"
76,"(0.75, 0.13432835820895522, 0.12451248262806959)","(0.04187192118226601, 2.4875148632580264, 0.14682539682539683)"
77,"(0.75, 0.13432835820895522, 0.12451248262806959)","(0.04187192118226601, 2.4875148632580264, 0.14682539682539683)"
78,"(0.7521551724137931, 0.14814814814814814, 0.14036061433148872)","(0.04433497536945813, 2.390011890606422, 0.14417989417989419)"
79,"(0.7521551724137931, 0.14814814814814814, 0.14036061433148872)","(0.04433497536945813, 2.390011890606422, 0.14417989417989419)"
80,"(0.7521551724137931, 0.14814814814814814, 0.14036061433148872)","(0.04433497536945813, 2.390011890606422, 0.14417989417989419)"
81,"(0.7521551724137931, 0.14814814814814814, 0.14036061433148872)","(0.04433497536945813, 2.390011890606422, 0.14417989417989419)"
82,"(0.7521551724137931, 0.14814814814814814, 0.14036061433148872)","(0.04433497536945813, 2.390011890606422, 0.14417989417989419)"
83,"(0.7521551724137931, 0.14814814814814814, 0.14036061433148872)","(0.04433497536945813, 2.390011890606422, 0.14417989417989419)"
84,"(0.7521551724137931, 0.16058394160583941, 0.14557067223328926)","(0.04926108374384237, 2.442330558858501, 0.1388888888888889)"
85,"(0.7521551724137931, 0.16058394160583941, 0.14557067223328926)","(0.04926108374384237, 2.442330558858501, 0.1388888888888889)"
86,"(0.7521551724137931, 0.16058394160583941, 0.14557067223328926)","(0.04926108374384237, 2.442330558858501, 0.1388888888888889)"
87,"(0.7543103448275862, 0.17391304347826086, 0.16007769876212222)","(0.05172413793103448, 2.6611177170035685, 0.13624338624338625)"
88,"(0.7543103448275862, 0.17391304347826086, 0.16007769876212222)","(0.05172413793103448, 2.6611177170035685, 0.13624338624338625)"
89,"(0.75, 0.17142857142857143, 0.14177477962132415)","(0.05665024630541872, 2.8632580261593357, 0.13095238095238096)"
90,"(0.7478448275862069, 0.1702127659574468, 0.13329671746209845)","(0.059113300492610835, 2.7086801426872764, 0.1283068783068783)"
91,"(0.75, 0.18309859154929578, 0.1471910219182088)","(0.06157635467980296, 2.889417360285374, 0.12566137566137567)"
92,"(0.75, 0.18309859154929578, 0.1471910219182088)","(0.06157635467980296, 2.889417360285374, 0.12566137566137567)"
93,"(0.75, 0.18309859154929578, 0.1471910219182088)","(0.06157635467980296, 2.889417360285374, 0.12566137566137567)"
94,"(0.75, 0.18309859154929578, 0.1471910219182088)","(0.06157635467980296, 2.889417360285374, 0.12566137566137567)"
95,"(0.75, 0.18309859154929578, 0.1471910219182088)","(0.06157635467980296, 2.889417360285374, 0.12566137566137567)"
96,"(0.75, 0.18309859154929578, 0.1471910219182088)","(0.06157635467980296, 2.889417360285374, 0.12566137566137567)"
97,"(0.75, 0.18309859154929578, 0.1471910219182088)","(0.06157635467980296, 2.889417360285374, 0.12566137566137567)"
98,"(0.7521551724137931, 0.1958041958041958, 0.16063528040414513)","(0.06403940886699508, 2.784780023781213, 0.12301587301587301)"
99,"(0.7543103448275862, 0.20833333333333334, 0.17366711940998072)","(0.0665024630541872, 2.6706302021403094, 0.12037037037037036)"
100,"(0.7564655172413793, 0.2206896551724138, 0.18631971840008546)","(0.06896551724137931, 2.8228299643281813, 0.11772486772486772)"
101,"(0.7564655172413793, 0.2206896551724138, 0.18631971840008546)","(0.06896551724137931, 2.8228299643281813, 0.11772486772486772)"
102,"(0.7564655172413793, 0.2206896551724138, 0.18631971840008546)","(0.06896551724137931, 2.8228299643281813, 0.11772486772486772)"
103,"(0.7564655172413793, 0.2206896551724138, 0.18631971840008546)","(0.06896551724137931, 2.8228299643281813, 0.11772486772486772)"
104,"(0.7564655172413793, 0.2206896551724138, 0.18631971840008546)","(0.06896551724137931, 2.8228299643281813, 0.11772486772486772)"
105,"(0.7543103448275862, 0.2191780821917808, 0.17811951439850304)","(0.07142857142857142, 2.9655172413793105, 0.11507936507936507)"
106,"(0.7586206896551724, 0.24324324324324326, 0.20240412047696404)","(0.07635467980295567, 3.3602853745541035, 0.14814814814814814)"
107,"(0.7586206896551724, 0.24324324324324326, 0.20240412047696404)","(0.07635467980295567, 3.3602853745541035, 0.14814814814814814)"
108,"(0.7564655172413793, 0.23129251700680273, 0.19042001579606557)","(0.07389162561576355, 3.167657550535077, 0.15079365079365079)"
109,"(0.7564655172413793, 0.23129251700680273, 0.19042001579606557)","(0.07389162561576355, 3.167657550535077, 0.15079365079365079)"
110,"(0.7543103448275862, 0.2191780821917808, 0.17811951439850304)","(0.07142857142857142, 2.9655172413793105, 0.15343915343915343)"
111,"(0.7543103448275862, 0.2191780821917808, 0.17811951439850304)","(0.07142857142857142, 2.9655172413793105, 0.15343915343915343)"
112,"(0.7543103448275862, 0.2191780821917808, 0.17811951439850304)","(0.07142857142857142, 2.9655172413793105, 0.15343915343915343)"
113,"(0.7586206896551724, 0.24324324324324326, 0.20240412047696404)","(0.07635467980295567, 3.0154577883472062, 0.14814814814814814)"
114,"(0.7586206896551724, 0.24324324324324326, 0.20240412047696404)","(0.07635467980295567, 3.0154577883472062, 0.14814814814814814)"
115,"(0.7607758620689655, 0.2550335570469799, 0.21409410732315237)","(0.07881773399014778, 3.1985731272294884, 0.1455026455026455)"
116,"(0.7607758620689655, 0.2550335570469799, 0.21409410732315237)","(0.07881773399014778, 3.1985731272294884, 0.1455026455026455)"
117,"(0.7629310344827587, 0.26666666666666666, 0.2255100377804472)","(0.0812807881773399, 3.579072532699168, 0.14285714285714285)"
118,"(0.7629310344827587, 0.26666666666666666, 0.2255100377804472)","(0.0812807881773399, 3.579072532699168, 0.14285714285714285)"
119,"(0.7629310344827587, 0.26666666666666666, 0.2255100377804472)","(0.0812807881773399, 3.579072532699168, 0.14285714285714285)"
120,"(0.7629310344827587, 0.26666666666666666, 0.2255100377804472)","(0.0812807881773399, 3.579072532699168, 0.14285714285714285)"
121,"(0.7629310344827587, 0.26666666666666666, 0.2255100377804472)","(0.0812807881773399, 3.579072532699168, 0.14285714285714285)"
122,"(0.7607758620689655, 0.26490066225165565, 0.21762479188935166)","(0.08374384236453201, 3.950059453032103, 0.17857142857142858)"
123,"(0.7586206896551724, 0.2631578947368421, 0.21000441452932686)","(0.08620689655172414, 4.449464922711059, 0.17592592592592593)"
124,"(0.7607758620689655, 0.26490066225165565, 0.21762479188935166)","(0.08374384236453201, 4.156956004756241, 0.17857142857142858)"
125,"(0.7607758620689655, 0.26490066225165565, 0.21762479188935166)","(0.08374384236453201, 4.156956004756241, 0.17857142857142858)"
126,"(0.7607758620689655, 0.26490066225165565, 0.21762479188935166)","(0.08374384236453201, 4.156956004756241, 0.17857142857142858)"
127,"(0.7607758620689655, 0.26490066225165565, 0.21762479188935166)","(0.08374384236453201, 4.156956004756241, 0.17857142857142858)"
128,"(0.7629310344827587, 0.26666666666666666, 0.2255100377804472)","(0.0812807881773399, 3.7170035671819255, 0.18121693121693122)"
129,"(0.7629310344827587, 0.27631578947368424, 0.22879748074757328)","(0.08620689655172414, 4.035671819262784, 0.17592592592592593)"
130,"(0.7629310344827587, 0.27631578947368424, 0.22879748074757328)","(0.08620689655172414, 4.035671819262784, 0.17592592592592593)"
131,"(0.7629310344827587, 0.27631578947368424, 0.22879748074757328)","(0.08620689655172414, 4.035671819262784, 0.17592592592592593)"
132,"(0.7629310344827587, 0.27631578947368424, 0.22879748074757328)","(0.08620689655172414, 4.035671819262784, 0.17592592592592593)"
133,"(0.7629310344827587, 0.27631578947368424, 0.22879748074757328)","(0.08620689655172414, 4.035671819262784, 0.17592592592592593)"
134,"(0.7629310344827587, 0.27631578947368424, 0.22879748074757328)","(0.08620689655172414, 4.035671819262784, 0.17592592592592593)"
135,"(0.7607758620689655, 0.26490066225165565, 0.21762479188935166)","(0.08374384236453201, 3.881093935790724, 0.17857142857142858)"
136,"(0.7607758620689655, 0.26490066225165565, 0.21762479188935166)","(0.08374384236453201, 3.881093935790724, 0.17857142857142858)"
137,"(0.7607758620689655, 0.26490066225165565, 0.21762479188935166)","(0.08374384236453201, 3.881093935790724, 0.17857142857142858)"
138,"(0.7607758620689655, 0.26490066225165565, 0.21762479188935166)","(0.08374384236453201, 3.881093935790724, 0.17857142857142858)"
139,"(0.7607758620689655, 0.26490066225165565, 0.21762479188935166)","(0.08374384236453201, 3.881093935790724, 0.17857142857142858)"
140,"(0.7607758620689655, 0.26490066225165565, 0.21762479188935166)","(0.08374384236453201, 3.881093935790724, 0.17857142857142858)"
141,"(0.7586206896551724, 0.2631578947368421, 0.21000441452932686)","(0.08620689655172414, 4.104637336504163, 0.17592592592592593)"
142,"(0.7586206896551724, 0.2631578947368421, 0.21000441452932686)","(0.08620689655172414, 4.104637336504163, 0.17592592592592593)"
143,"(0.7586206896551724, 0.2631578947368421, 0.21000441452932686)","(0.08620689655172414, 4.104637336504163, 0.17592592592592593)"
144,"(0.7586206896551724, 0.2631578947368421, 0.21000441452932686)","(0.08620689655172414, 4.104637336504163, 0.17592592592592593)"
145,"(0.7586206896551724, 0.2631578947368421, 0.21000441452932686)","(0.08620689655172414, 4.104637336504163, 0.17592592592592593)"
146,"(0.7586206896551724, 0.2631578947368421, 0.21000441452932686)","(0.08620689655172414, 4.104637336504163, 0.17592592592592593)"
147,"(0.7586206896551724, 0.2631578947368421, 0.21000441452932686)","(0.08620689655172414, 4.104637336504163, 0.17592592592592593)"
148,"(0.7586206896551724, 0.2631578947368421, 0.21000441452932686)","(0.08620689655172414, 4.104637336504163, 0.17592592592592593)"
149,"(0.7586206896551724, 0.2631578947368421, 0.21000441452932686)","(0.08620689655172414, 4.104637336504163, 0.17592592592592593)"
150,"(0.7586206896551724, 0.2631578947368421, 0.21000441452932686)","(0.08620689655172414, 4.104637336504163, 0.17592592592592593)"
151,"(0.7586206896551724, 0.2631578947368421, 0.21000441452932686)","(0.08620689655172414, 4.104637336504163, 0.17592592592592593)"
152,"(0.7586206896551724, 0.2631578947368421, 0.21000441452932686)","(0.08620689655172414, 4.104637336504163, 0.17592592592592593)"
153,"(0.7586206896551724, 0.2631578947368421, 0.21000441452932686)","(0.08620689655172414, 4.104637336504163, 0.17592592592592593)"
154,"(0.7586206896551724, 0.2631578947368421, 0.21000441452932686)","(0.08620689655172414, 4.104637336504163, 0.17592592592592593)"
155,"(0.7607758620689655, 0.27450980392156865, 0.22118280850137856)","(0.08866995073891626, 3.835909631391202, 0.17328042328042328)"
156,"(0.7607758620689655, 0.27450980392156865, 0.22118280850137856)","(0.08866995073891626, 3.835909631391202, 0.17328042328042328)"
157,"(0.7607758620689655, 0.27450980392156865, 0.22118280850137856)","(0.08866995073891626, 3.835909631391202, 0.17328042328042328)"
158,"(0.7607758620689655, 0.27450980392156865, 0.22118280850137856)","(0.08866995073891626, 3.835909631391202, 0.17328042328042328)"
159,"(0.7607758620689655, 0.27450980392156865, 0.22118280850137856)","(0.08866995073891626, 3.835909631391202, 0.17328042328042328)"
160,"(0.7607758620689655, 0.27450980392156865, 0.22118280850137856)","(0.08866995073891626, 3.835909631391202, 0.17328042328042328)"
161,"(0.7607758620689655, 0.27450980392156865, 0.22118280850137856)","(0.08866995073891626, 3.835909631391202, 0.17328042328042328)"
162,"(0.7629310344827587, 0.2857142857142857, 0.23212985086030766)","(0.09113300492610837, 3.764565992865637, 0.17063492063492064)"
163,"(0.7629310344827587, 0.2857142857142857, 0.23212985086030766)","(0.09113300492610837, 3.764565992865637, 0.17063492063492064)"
164,"(0.7629310344827587, 0.2857142857142857, 0.23212985086030766)","(0.09113300492610837, 3.764565992865637, 0.17063492063492064)"
165,"(0.7629310344827587, 0.2857142857142857, 0.23212985086030766)","(0.09113300492610837, 3.764565992865637, 0.17063492063492064)"
166,"(0.7629310344827587, 0.2857142857142857, 0.23212985086030766)","(0.09113300492610837, 3.764565992865637, 0.17063492063492064)"
167,"(0.7629310344827587, 0.2857142857142857, 0.23212985086030766)","(0.09113300492610837, 3.764565992865637, 0.17063492063492064)"
168,"(0.7650862068965517, 0.2967741935483871, 0.24285936224752222)","(0.09359605911330049, 4.166468489892986, 0.167989417989418)"
169,"(0.7672413793103449, 0.3076923076923077, 0.2533840044928634)","(0.0960591133004926, 4.351961950059452, 0.16534391534391535)"
170,"(0.7672413793103449, 0.3076923076923077, 0.2533840044928634)","(0.0960591133004926, 4.351961950059452, 0.16534391534391535)"
171,"(0.7672413793103449, 0.3076923076923077, 0.2533840044928634)","(0.0960591133004926, 4.351961950059452, 0.16534391534391535)"
172,"(0.7672413793103449, 0.3076923076923077, 0.2533840044928634)","(0.0960591133004926, 4.351961950059452, 0.16534391534391535)"
173,"(0.7672413793103449, 0.3076923076923077, 0.2533840044928634)","(0.0960591133004926, 4.351961950059452, 0.16534391534391535)"
174,"(0.7672413793103449, 0.3076923076923077, 0.2533840044928634)","(0.0960591133004926, 4.351961950059452, 0.16534391534391535)"
175,"(0.7672413793103449, 0.3076923076923077, 0.2533840044928634)","(0.0960591133004926, 4.351961950059452, 0.16534391534391535)"
176,"(0.7672413793103449, 0.3076923076923077, 0.2533840044928634)","(0.0960591133004926, 4.351961950059452, 0.16534391534391535)"
177,"(0.7693965517241379, 0.3184713375796178, 0.2637154063813662)","(0.09852216748768473, 4.734839476813318, 0.20105820105820105)"
178,"(0.7693965517241379, 0.3184713375796178, 0.2637154063813662)","(0.09852216748768473, 4.734839476813318, 0.20105820105820105)"
179,"(0.771551724137931, 0.3291139240506329, 0.27386427291949256)","(0.10098522167487685, 4.625445897740784, 0.1984126984126984)"
180,"(0.771551724137931, 0.3291139240506329, 0.27386427291949256)","(0.10098522167487685, 4.625445897740784, 0.1984126984126984)"
181,"(0.771551724137931, 0.3291139240506329, 0.27386427291949256)","(0.10098522167487685, 4.625445897740784, 0.1984126984126984)"
182,"(0.771551724137931, 0.3291139240506329, 0.27386427291949256)","(0.10098522167487685, 4.625445897740784, 0.1984126984126984)"
183,"(0.771551724137931, 0.3291139240506329, 0.27386427291949256)","(0.10098522167487685, 4.625445897740784, 0.1984126984126984)"
184,"(0.7737068965517241, 0.33121019108280253, 0.2813980579075156)","(0.09852216748768473, 4.321046373365042, 0.20105820105820105)"
185,"(0.7737068965517241, 0.33121019108280253, 0.2813980579075156)","(0.09852216748768473, 4.321046373365042, 0.20105820105820105)"
186,"(0.7737068965517241, 0.33121019108280253, 0.2813980579075156)","(0.09852216748768473, 4.321046373365042, 0.20105820105820105)"
187,"(0.7737068965517241, 0.33121019108280253, 0.2813980579075156)","(0.09852216748768473, 4.321046373365042, 0.20105820105820105)"
188,"(0.771551724137931, 0.3291139240506329, 0.27386427291949256)","(0.10098522167487685, 4.694411414982164, 0.1984126984126984)"
189,"(0.771551724137931, 0.3291139240506329, 0.27386427291949256)","(0.10098522167487685, 4.694411414982164, 0.1984126984126984)"
190,"(0.771551724137931, 0.3291139240506329, 0.27386427291949256)","(0.10098522167487685, 4.694411414982164, 0.1984126984126984)"
191,"(0.771551724137931, 0.3291139240506329, 0.27386427291949256)","(0.10098522167487685, 4.694411414982164, 0.1984126984126984)"
192,"(0.771551724137931, 0.3291139240506329, 0.27386427291949256)","(0.10098522167487685, 4.694411414982164, 0.1984126984126984)"
193,"(0.7693965517241379, 0.3270440251572327, 0.2665431358579781)","(0.10344827586206896, 4.6444708680142694, 0.19576719576719576)"
194,"(0.7693965517241379, 0.3270440251572327, 0.2665431358579781)","(0.10344827586206896, 4.6444708680142694, 0.19576719576719576)"
195,"(0.7693965517241379, 0.3270440251572327, 0.2665431358579781)","(0.10344827586206896, 4.6444708680142694, 0.19576719576719576)"
196,"(0.7693965517241379, 0.3270440251572327, 0.2665431358579781)","(0.10344827586206896, 4.6444708680142694, 0.19576719576719576)"
197,"(0.7693965517241379, 0.3270440251572327, 0.2665431358579781)","(0.10344827586206896, 4.6444708680142694, 0.19576719576719576)"
198,"(0.7693965517241379, 0.3270440251572327, 0.2665431358579781)","(0.10344827586206896, 4.6444708680142694, 0.19576719576719576)"
199,"(0.7693965517241379, 0.3270440251572327, 0.2665431358579781)","(0.10344827586206896, 4.6444708680142694, 0.19576719576719576)"
200,"(0.7693965517241379, 0.3270440251572327, 0.2665431358579781)","(0.10344827586206896, 4.6444708680142694, 0.19576719576719576)"
201,"(0.7693965517241379, 0.3270440251572327, 0.2665431358579781)","(0.10344827586206896, 4.6444708680142694, 0.19576719576719576)"
202,"(0.771551724137931, 0.3375, 0.27653784035947127)","(0.10591133004926108, 4.653983353151009, 0.1931216931216931)"
203,"(0.771551724137931, 0.3375, 0.27653784035947127)","(0.10591133004926108, 4.653983353151009, 0.1931216931216931)"
204,"(0.771551724137931, 0.3375, 0.27653784035947127)","(0.10591133004926108, 4.653983353151009, 0.1931216931216931)"
205,"(0.771551724137931, 0.3375, 0.27653784035947127)","(0.10591133004926108, 4.653983353151009, 0.1931216931216931)"
206,"(0.7693965517241379, 0.33540372670807456, 0.26943109126256065)","(0.10837438423645321, 4.929845422116528, 0.19047619047619047)"
207,"(0.7693965517241379, 0.33540372670807456, 0.26943109126256065)","(0.10837438423645321, 4.929845422116528, 0.19047619047619047)"
208,"(0.7693965517241379, 0.33540372670807456, 0.26943109126256065)","(0.10837438423645321, 4.929845422116528, 0.19047619047619047)"
209,"(0.7693965517241379, 0.33540372670807456, 0.26943109126256065)","(0.10837438423645321, 4.929845422116528, 0.19047619047619047)"
210,"(0.771551724137931, 0.3375, 0.27653784035947127)","(0.10591133004926108, 4.447086801426871, 0.1931216931216931)"
211,"(0.7693965517241379, 0.33540372670807456, 0.26943109126256065)","(0.10837438423645321, 4.929845422116528, 0.19047619047619047)"
212,"(0.771551724137931, 0.3375, 0.27653784035947127)","(0.10591133004926108, 4.447086801426871, 0.1931216931216931)"
213,"(0.771551724137931, 0.3375, 0.27653784035947127)","(0.10591133004926108, 4.447086801426871, 0.1931216931216931)"
214,"(0.7737068965517241, 0.34782608695652173, 0.28637093223083004)","(0.10837438423645321, 4.516052318668252, 0.19047619047619047)"
215,"(0.7737068965517241, 0.34782608695652173, 0.28637093223083004)","(0.10837438423645321, 4.516052318668252, 0.19047619047619047)"
216,"(0.7737068965517241, 0.34782608695652173, 0.28637093223083004)","(0.10837438423645321, 4.516052318668252, 0.19047619047619047)"
217,"(0.7737068965517241, 0.34782608695652173, 0.28637093223083004)","(0.10837438423645321, 4.516052318668252, 0.19047619047619047)"
218,"(0.7737068965517241, 0.34782608695652173, 0.28637093223083004)","(0.10837438423645321, 4.516052318668252, 0.19047619047619047)"
219,"(0.7737068965517241, 0.34782608695652173, 0.28637093223083004)","(0.10837438423645321, 4.516052318668252, 0.19047619047619047)"
220,"(0.7737068965517241, 0.34782608695652173, 0.28637093223083004)","(0.10837438423645321, 4.516052318668252, 0.19047619047619047)"
221,"(0.7758620689655172, 0.35802469135802467, 0.2960506297882545)","(0.11083743842364532, 4.575505350772889, 0.18783068783068782)"
222,"(0.7737068965517241, 0.3558282208588957, 0.2889774936729736)","(0.11330049261083744, 4.625445897740784, 0.18518518518518517)"
223,"(0.7737068965517241, 0.3558282208588957, 0.2889774936729736)","(0.11330049261083744, 4.625445897740784, 0.18518518518518517)"
224,"(0.7737068965517241, 0.34782608695652173, 0.28637093223083004)","(0.10837438423645321, 4.516052318668252, 0.19047619047619047)"
225,"(0.771551724137931, 0.345679012345679, 0.2792800899003593)","(0.11083743842364532, 4.50653983353151, 0.18783068783068782)"
226,"(0.771551724137931, 0.345679012345679, 0.2792800899003593)","(0.11083743842364532, 4.50653983353151, 0.18783068783068782)"
227,"(0.771551724137931, 0.345679012345679, 0.2792800899003593)","(0.11083743842364532, 4.50653983353151, 0.18783068783068782)"
228,"(0.771551724137931, 0.345679012345679, 0.2792800899003593)","(0.11083743842364532, 4.50653983353151, 0.18783068783068782)"
229,"(0.771551724137931, 0.345679012345679, 0.2792800899003593)","(0.11083743842364532, 4.50653983353151, 0.18783068783068782)"
230,"(0.771551724137931, 0.345679012345679, 0.2792800899003593)","(0.11083743842364532, 4.50653983353151, 0.18783068783068782)"
231,"(0.771551724137931, 0.345679012345679, 0.2792800899003593)","(0.11083743842364532, 4.50653983353151, 0.18783068783068782)"
232,"(0.771551724137931, 0.345679012345679, 0.2792800899003593)","(0.11083743842364532, 4.50653983353151, 0.18783068783068782)"
233,"(0.7693965517241379, 0.34355828220858897, 0.2723704145220868)","(0.11330049261083744, 4.763376932223543, 0.18518518518518517)"
234,"(0.7693965517241379, 0.34355828220858897, 0.2723704145220868)","(0.11330049261083744, 4.763376932223543, 0.18518518518518517)"
235,"(0.7693965517241379, 0.34355828220858897, 0.2723704145220868)","(0.11330049261083744, 4.763376932223543, 0.18518518518518517)"
236,"(0.7693965517241379, 0.34355828220858897, 0.2723704145220868)","(0.11330049261083744, 4.763376932223543, 0.18518518518518517)"
237,"(0.7693965517241379, 0.34355828220858897, 0.2723704145220868)","(0.11330049261083744, 4.763376932223543, 0.18518518518518517)"
238,"(0.7693965517241379, 0.34355828220858897, 0.2723704145220868)","(0.11330049261083744, 4.763376932223543, 0.18518518518518517)"
239,"(0.7693965517241379, 0.34355828220858897, 0.2723704145220868)","(0.11330049261083744, 4.763376932223543, 0.18518518518518517)"
240,"(0.7693965517241379, 0.34355828220858897, 0.2723704145220868)","(0.11330049261083744, 4.763376932223543, 0.18518518518518517)"
241,"(0.7672413793103449, 0.3333333333333333, 0.262509550012464)","(0.11083743842364532, 4.782401902497027, 0.18783068783068782)"
242,"(0.7693965517241379, 0.34355828220858897, 0.2723704145220868)","(0.11330049261083744, 4.9702734839476825, 0.18518518518518517)"
243,"(0.7672413793103449, 0.34146341463414637, 0.2656324377478408)","(0.11576354679802955, 4.872770511296077, 0.18253968253968253)"
244,"(0.7672413793103449, 0.34146341463414637, 0.2656324377478408)","(0.11576354679802955, 4.872770511296077, 0.18253968253968253)"
245,"(0.7650862068965517, 0.3393939393939394, 0.259057372150027)","(0.11822660098522167, 4.6278240190249695, 0.17989417989417988)"
246,"(0.7650862068965517, 0.3393939393939394, 0.259057372150027)","(0.11822660098522167, 4.6278240190249695, 0.17989417989417988)"
247,"(0.7650862068965517, 0.3393939393939394, 0.259057372150027)","(0.11822660098522167, 4.6278240190249695, 0.17989417989417988)"
248,"(0.7650862068965517, 0.3393939393939394, 0.259057372150027)","(0.11822660098522167, 4.6278240190249695, 0.17989417989417988)"
249,"(0.7650862068965517, 0.3393939393939394, 0.259057372150027)","(0.11822660098522167, 4.6278240190249695, 0.17989417989417988)"
250,"(0.7650862068965517, 0.3393939393939394, 0.259057372150027)","(0.11822660098522167, 4.6278240190249695, 0.17989417989417988)"
251,"(0.7672413793103449, 0.3493975903614458, 0.2687857734267093)","(0.1206896551724138, 4.511296076099882, 0.17724867724867724)"
252,"(0.7672413793103449, 0.3493975903614458, 0.2687857734267093)","(0.1206896551724138, 4.511296076099882, 0.17724867724867724)"
253,"(0.7672413793103449, 0.3493975903614458, 0.2687857734267093)","(0.1206896551724138, 4.511296076099882, 0.17724867724867724)"
254,"(0.7672413793103449, 0.3493975903614458, 0.2687857734267093)","(0.1206896551724138, 4.511296076099882, 0.17724867724867724)"
255,"(0.7693965517241379, 0.3592814371257485, 0.278375297212673)","(0.12315270935960591, 4.523186682520809, 0.1746031746031746)"
256,"(0.7693965517241379, 0.3592814371257485, 0.278375297212673)","(0.12315270935960591, 4.523186682520809, 0.1746031746031746)"
257,"(0.7693965517241379, 0.3592814371257485, 0.278375297212673)","(0.12315270935960591, 4.523186682520809, 0.1746031746031746)"
258,"(0.7672413793103449, 0.3493975903614458, 0.2687857734267093)","(0.1206896551724138, 4.64922711058264, 0.17724867724867724)"
259,"(0.7693965517241379, 0.3592814371257485, 0.278375297212673)","(0.12315270935960591, 4.523186682520809, 0.1746031746031746)"
260,"(0.7693965517241379, 0.3592814371257485, 0.278375297212673)","(0.12315270935960591, 4.523186682520809, 0.1746031746031746)"
261,"(0.7672413793103449, 0.35714285714285715, 0.27196511481777375)","(0.12561576354679804, 4.93935790725327, 0.21031746031746032)"
262,"(0.7672413793103449, 0.35714285714285715, 0.27196511481777375)","(0.12561576354679804, 4.93935790725327, 0.21031746031746032)"
263,"(0.7672413793103449, 0.35714285714285715, 0.27196511481777375)","(0.12561576354679804, 4.93935790725327, 0.21031746031746032)"
264,"(0.7672413793103449, 0.35714285714285715, 0.27196511481777375)","(0.12561576354679804, 4.93935790725327, 0.21031746031746032)"
265,"(0.7693965517241379, 0.3592814371257485, 0.278375297212673)","(0.12315270935960591, 4.592152199762189, 0.1746031746031746)"
266,"(0.7693965517241379, 0.3592814371257485, 0.278375297212673)","(0.12315270935960591, 4.592152199762189, 0.1746031746031746)"
267,"(0.7693965517241379, 0.3592814371257485, 0.278375297212673)","(0.12315270935960591, 4.592152199762189, 0.1746031746031746)"
268,"(0.771551724137931, 0.36904761904761907, 0.28783231125628084)","(0.12561576354679804, 4.387633769322235, 0.17195767195767195)"
269,"(0.7693965517241379, 0.3668639053254438, 0.2814298403231566)","(0.12807881773399016, 4.380499405469679, 0.1693121693121693)"
270,"(0.7693965517241379, 0.3668639053254438, 0.2814298403231566)","(0.12807881773399016, 4.380499405469679, 0.1693121693121693)"
271,"(0.7693965517241379, 0.3668639053254438, 0.2814298403231566)","(0.12807881773399016, 4.380499405469679, 0.1693121693121693)"
272,"(0.7693965517241379, 0.3742690058479532, 0.2845132879959978)","(0.1330049261083744, 4.475624256837099, 0.20238095238095238)"
273,"(0.771551724137931, 0.38372093023255816, 0.29374166542674546)","(0.1354679802955665, 4.302021403091557, 0.19973544973544974)"
274,"(0.771551724137931, 0.38372093023255816, 0.29374166542674546)","(0.1354679802955665, 4.302021403091557, 0.19973544973544974)"
275,"(0.771551724137931, 0.38372093023255816, 0.29374166542674546)","(0.1354679802955665, 4.302021403091557, 0.19973544973544974)"
276,"(0.771551724137931, 0.38372093023255816, 0.29374166542674546)","(0.1354679802955665, 4.302021403091557, 0.19973544973544974)"
277,"(0.771551724137931, 0.38372093023255816, 0.29374166542674546)","(0.1354679802955665, 4.302021403091557, 0.19973544973544974)"
278,"(0.7737068965517241, 0.38596491228070173, 0.2999897435212197)","(0.1330049261083744, 4.406658739595719, 0.20238095238095238)"
279,"(0.7737068965517241, 0.38596491228070173, 0.2999897435212197)","(0.1330049261083744, 4.406658739595719, 0.20238095238095238)"
280,"(0.7758620689655172, 0.3953488372093023, 0.309095516137347)","(0.1354679802955665, 4.439952437574316, 0.19973544973544974)"
281,"(0.7758620689655172, 0.3953488372093023, 0.309095516137347)","(0.1354679802955665, 4.439952437574316, 0.19973544973544974)"
282,"(0.7737068965517241, 0.38596491228070173, 0.2999897435212197)","(0.1330049261083744, 4.406658739595719, 0.20238095238095238)"
283,"(0.7737068965517241, 0.38596491228070173, 0.2999897435212197)","(0.1330049261083744, 4.406658739595719, 0.20238095238095238)"
284,"(0.7737068965517241, 0.38596491228070173, 0.2999897435212197)","(0.1330049261083744, 4.406658739595719, 0.20238095238095238)"
285,"(0.7737068965517241, 0.3930635838150289, 0.30285694066321706)","(0.13793103448275862, 4.53269916765755, 0.1970899470899471)"
286,"(0.7737068965517241, 0.3930635838150289, 0.30285694066321706)","(0.13793103448275862, 4.53269916765755, 0.1970899470899471)"
287,"(0.7737068965517241, 0.3930635838150289, 0.30285694066321706)","(0.13793103448275862, 4.53269916765755, 0.1970899470899471)"
288,"(0.7737068965517241, 0.3930635838150289, 0.30285694066321706)","(0.13793103448275862, 4.53269916765755, 0.1970899470899471)"
289,"(0.771551724137931, 0.39080459770114945, 0.29674474432192083)","(0.14039408866995073, 4.340071343638526, 0.19444444444444445)"
290,"(0.771551724137931, 0.39080459770114945, 0.29674474432192083)","(0.14039408866995073, 4.340071343638526, 0.19444444444444445)"
291,"(0.771551724137931, 0.39080459770114945, 0.29674474432192083)","(0.14039408866995073, 4.340071343638526, 0.19444444444444445)"
292,"(0.7737068965517241, 0.4, 0.3057601734873474)","(0.14285714285714285, 4.344827586206897, 0.1917989417989418)"
293,"(0.7758620689655172, 0.40229885057471265, 0.3118638352811139)","(0.14039408866995073, 4.202140309155767, 0.19444444444444445)"
294,"(0.7758620689655172, 0.40229885057471265, 0.3118638352811139)","(0.14039408866995073, 4.202140309155767, 0.19444444444444445)"
295,"(0.7758620689655172, 0.40229885057471265, 0.3118638352811139)","(0.14039408866995073, 4.202140309155767, 0.19444444444444445)"
296,"(0.7758620689655172, 0.40229885057471265, 0.3118638352811139)","(0.14039408866995073, 4.202140309155767, 0.19444444444444445)"
297,"(0.7758620689655172, 0.40229885057471265, 0.3118638352811139)","(0.14039408866995073, 4.202140309155767, 0.19444444444444445)"
298,"(0.7780172413793104, 0.4046242774566474, 0.3180917217199964)","(0.13793103448275862, 4.256837098692033, 0.1970899470899471)"
299,"(0.7758620689655172, 0.40229885057471265, 0.3118638352811139)","(0.14039408866995073, 4.202140309155767, 0.19444444444444445)"
300,"(0.7780172413793104, 0.4046242774566474, 0.3180917217199964)","(0.13793103448275862, 4.256837098692033, 0.1970899470899471)"
301,"(0.7780172413793104, 0.4046242774566474, 0.3180917217199964)","(0.13793103448275862, 4.256837098692033, 0.1970899470899471)"
302,"(0.7780172413793104, 0.4046242774566474, 0.3180917217199964)","(0.13793103448275862, 4.256837098692033, 0.1970899470899471)"
303,"(0.7780172413793104, 0.4046242774566474, 0.3180917217199964)","(0.13793103448275862, 4.256837098692033, 0.1970899470899471)"
304,"(0.7780172413793104, 0.4046242774566474, 0.3180917217199964)","(0.13793103448275862, 4.256837098692033, 0.1970899470899471)"
305,"(0.7801724137931034, 0.4069767441860465, 0.3244493668479485)","(0.1354679802955665, 3.819262782401903, 0.16137566137566137)"
306,"(0.7801724137931034, 0.4069767441860465, 0.3244493668479485)","(0.1354679802955665, 3.819262782401903, 0.16137566137566137)"
307,"(0.7801724137931034, 0.4069767441860465, 0.3244493668479485)","(0.1354679802955665, 3.819262782401903, 0.16137566137566137)"
308,"(0.7801724137931034, 0.4069767441860465, 0.3244493668479485)","(0.1354679802955665, 3.819262782401903, 0.16137566137566137)"
309,"(0.7801724137931034, 0.4069767441860465, 0.3244493668479485)","(0.1354679802955665, 3.819262782401903, 0.16137566137566137)"
310,"(0.7801724137931034, 0.4069767441860465, 0.3244493668479485)","(0.1354679802955665, 3.819262782401903, 0.16137566137566137)"
311,"(0.7801724137931034, 0.4069767441860465, 0.3244493668479485)","(0.1354679802955665, 3.819262782401903, 0.16137566137566137)"
312,"(0.7801724137931034, 0.4069767441860465, 0.3244493668479485)","(0.1354679802955665, 3.819262782401903, 0.16137566137566137)"
313,"(0.7801724137931034, 0.4069767441860465, 0.3244493668479485)","(0.1354679802955665, 3.819262782401903, 0.16137566137566137)"
314,"(0.7801724137931034, 0.4069767441860465, 0.3244493668479485)","(0.1354679802955665, 3.819262782401903, 0.16137566137566137)"
315,"(0.7801724137931034, 0.4069767441860465, 0.3244493668479485)","(0.1354679802955665, 3.819262782401903, 0.16137566137566137)"
316,"(0.7801724137931034, 0.4069767441860465, 0.3244493668479485)","(0.1354679802955665, 3.819262782401903, 0.16137566137566137)"
317,"(0.7801724137931034, 0.4069767441860465, 0.3244493668479485)","(0.1354679802955665, 3.819262782401903, 0.16137566137566137)"
318,"(0.7801724137931034, 0.4069767441860465, 0.3244493668479485)","(0.1354679802955665, 3.819262782401903, 0.16137566137566137)"
319,"(0.7801724137931034, 0.4069767441860465, 0.3244493668479485)","(0.1354679802955665, 3.819262782401903, 0.16137566137566137)"
320,"(0.7801724137931034, 0.4069767441860465, 0.3244493668479485)","(0.1354679802955665, 3.819262782401903, 0.16137566137566137)"
321,"(0.7801724137931034, 0.4069767441860465, 0.3244493668479485)","(0.1354679802955665, 3.819262782401903, 0.16137566137566137)"
322,"(0.7801724137931034, 0.4069767441860465, 0.3244493668479485)","(0.1354679802955665, 3.819262782401903, 0.16137566137566137)"
323,"(0.7801724137931034, 0.4069767441860465, 0.3244493668479485)","(0.1354679802955665, 3.819262782401903, 0.16137566137566137)"
324,"(0.7801724137931034, 0.4069767441860465, 0.3244493668479485)","(0.1354679802955665, 3.819262782401903, 0.16137566137566137)"
325,"(0.7780172413793104, 0.4046242774566474, 0.3180917217199964)","(0.13793103448275862, 4.187871581450653, 0.15873015873015872)"
326,"(0.7801724137931034, 0.4069767441860465, 0.3244493668479485)","(0.1354679802955665, 3.888228299643282, 0.16137566137566137)"
327,"(0.7801724137931034, 0.4069767441860465, 0.3244493668479485)","(0.1354679802955665, 3.888228299643282, 0.16137566137566137)"
328,"(0.7780172413793104, 0.4046242774566474, 0.3180917217199964)","(0.13793103448275862, 4.118906064209274, 0.15873015873015872)"
329,"(0.7780172413793104, 0.4046242774566474, 0.3180917217199964)","(0.13793103448275862, 4.118906064209274, 0.15873015873015872)"
330,"(0.7780172413793104, 0.4046242774566474, 0.3180917217199964)","(0.13793103448275862, 4.118906064209274, 0.15873015873015872)"
331,"(0.7780172413793104, 0.4046242774566474, 0.3180917217199964)","(0.13793103448275862, 4.118906064209274, 0.15873015873015872)"
332,"(0.7780172413793104, 0.4046242774566474, 0.3180917217199964)","(0.13793103448275862, 4.118906064209274, 0.15873015873015872)"
333,"(0.7780172413793104, 0.4046242774566474, 0.3180917217199964)","(0.13793103448275862, 4.118906064209274, 0.15873015873015872)"
334,"(0.7780172413793104, 0.4046242774566474, 0.3180917217199964)","(0.13793103448275862, 4.118906064209274, 0.15873015873015872)"
335,"(0.7801724137931034, 0.41379310344827586, 0.326982926240307)","(0.14039408866995073, 4.202140309155767, 0.15608465608465608)"
336,"(0.7801724137931034, 0.41379310344827586, 0.326982926240307)","(0.14039408866995073, 4.202140309155767, 0.15608465608465608)"
337,"(0.7801724137931034, 0.41379310344827586, 0.326982926240307)","(0.14039408866995073, 4.202140309155767, 0.15608465608465608)"
338,"(0.7801724137931034, 0.41379310344827586, 0.326982926240307)","(0.14039408866995073, 4.202140309155767, 0.15608465608465608)"
339,"(0.7780172413793104, 0.4114285714285714, 0.320766807768935)","(0.14285714285714285, 4.137931034482759, 0.15343915343915343)"
340,"(0.7780172413793104, 0.4114285714285714, 0.320766807768935)","(0.14285714285714285, 4.137931034482759, 0.15343915343915343)"
341,"(0.7780172413793104, 0.4114285714285714, 0.320766807768935)","(0.14285714285714285, 4.137931034482759, 0.15343915343915343)"
342,"(0.7780172413793104, 0.4114285714285714, 0.320766807768935)","(0.14285714285714285, 4.137931034482759, 0.15343915343915343)"
343,"(0.7780172413793104, 0.4114285714285714, 0.320766807768935)","(0.14285714285714285, 4.137931034482759, 0.15343915343915343)"
344,"(0.7780172413793104, 0.4114285714285714, 0.320766807768935)","(0.14285714285714285, 4.137931034482759, 0.15343915343915343)"
345,"(0.7758620689655172, 0.40229885057471265, 0.3118638352811139)","(0.14039408866995073, 4.133174791914387, 0.15608465608465608)"
346,"(0.7737068965517241, 0.4, 0.3057601734873474)","(0.14285714285714285, 3.9310344827586206, 0.15343915343915343)"
347,"(0.7737068965517241, 0.4, 0.3057601734873474)","(0.14285714285714285, 3.9310344827586206, 0.15343915343915343)"
348,"(0.7737068965517241, 0.4, 0.3057601734873474)","(0.14285714285714285, 3.9310344827586206, 0.15343915343915343)"
349,"(0.7737068965517241, 0.4, 0.3057601734873474)","(0.14285714285714285, 3.9310344827586206, 0.15343915343915343)"
350,"(0.7737068965517241, 0.4, 0.3057601734873474)","(0.14285714285714285, 3.9310344827586206, 0.15343915343915343)"
351,"(0.7737068965517241, 0.4, 0.3057601734873474)","(0.14285714285714285, 3.9310344827586206, 0.15343915343915343)"
352,"(0.7737068965517241, 0.4, 0.3057601734873474)","(0.14285714285714285, 3.9310344827586206, 0.15343915343915343)"
353,"(0.7737068965517241, 0.4, 0.3057601734873474)","(0.14285714285714285, 3.9310344827586206, 0.15343915343915343)"
354,"(0.7737068965517241, 0.4, 0.3057601734873474)","(0.14285714285714285, 3.9310344827586206, 0.15343915343915343)"
355,"(0.7737068965517241, 0.4, 0.3057601734873474)","(0.14285714285714285, 3.9310344827586206, 0.15343915343915343)"
356,"(0.7737068965517241, 0.4, 0.3057601734873474)","(0.14285714285714285, 3.9310344827586206, 0.15343915343915343)"
357,"(0.7758620689655172, 0.4090909090909091, 0.3146727992322055)","(0.14532019704433496, 4.133174791914388, 0.15079365079365079)"
358,"(0.7737068965517241, 0.4, 0.3057601734873474)","(0.14285714285714285, 3.9310344827586206, 0.15343915343915343)"
359,"(0.7737068965517241, 0.4, 0.3057601734873474)","(0.14285714285714285, 3.9310344827586206, 0.15343915343915343)"
360,"(0.7758620689655172, 0.4090909090909091, 0.3146727992322055)","(0.14532019704433496, 4.133174791914388, 0.15079365079365079)"
361,"(0.7737068965517241, 0.4, 0.3057601734873474)","(0.14285714285714285, 3.9310344827586206, 0.15343915343915343)"
362,"(0.7737068965517241, 0.4, 0.3057601734873474)","(0.14285714285714285, 3.9310344827586206, 0.15343915343915343)"
363,"(0.7737068965517241, 0.4, 0.3057601734873474)","(0.14285714285714285, 3.9310344827586206, 0.15343915343915343)"
364,"(0.7737068965517241, 0.4, 0.3057601734873474)","(0.14285714285714285, 3.9310344827586206, 0.15343915343915343)"
365,"(0.7737068965517241, 0.4, 0.3057601734873474)","(0.14285714285714285, 3.9310344827586206, 0.15343915343915343)"
366,"(0.7737068965517241, 0.4, 0.3057601734873474)","(0.14285714285714285, 3.9310344827586206, 0.15343915343915343)"
367,"(0.7758620689655172, 0.4090909090909091, 0.3146727992322055)","(0.14532019704433496, 4.133174791914388, 0.15079365079365079)"
368,"(0.7758620689655172, 0.4090909090909091, 0.3146727992322055)","(0.14532019704433496, 4.133174791914388, 0.15079365079365079)"
369,"(0.7780172413793104, 0.4180790960451977, 0.3234867394556803)","(0.1477832512315271, 3.9120095124851364, 0.14814814814814814)"
370,"(0.7780172413793104, 0.4180790960451977, 0.3234867394556803)","(0.1477832512315271, 3.9120095124851364, 0.14814814814814814)"
371,"(0.7758620689655172, 0.4090909090909091, 0.3146727992322055)","(0.14532019704433496, 4.133174791914388, 0.15079365079365079)"
372,"(0.7780172413793104, 0.4180790960451977, 0.3234867394556803)","(0.1477832512315271, 3.9120095124851364, 0.14814814814814814)"
373,"(0.7780172413793104, 0.4180790960451977, 0.3234867394556803)","(0.1477832512315271, 3.9120095124851364, 0.14814814814814814)"
374,"(0.7780172413793104, 0.4180790960451977, 0.3234867394556803)","(0.1477832512315271, 3.9120095124851364, 0.14814814814814814)"
375,"(0.7780172413793104, 0.4180790960451977, 0.3234867394556803)","(0.1477832512315271, 3.9120095124851364, 0.14814814814814814)"
376,"(0.7780172413793104, 0.4180790960451977, 0.3234867394556803)","(0.1477832512315271, 3.9120095124851364, 0.14814814814814814)"
377,"(0.7780172413793104, 0.4180790960451977, 0.3234867394556803)","(0.1477832512315271, 3.9120095124851364, 0.14814814814814814)"
378,"(0.7780172413793104, 0.4180790960451977, 0.3234867394556803)","(0.1477832512315271, 3.9120095124851364, 0.14814814814814814)"
379,"(0.7780172413793104, 0.4180790960451977, 0.3234867394556803)","(0.1477832512315271, 3.9120095124851364, 0.14814814814814814)"
380,"(0.7780172413793104, 0.4180790960451977, 0.3234867394556803)","(0.1477832512315271, 3.9120095124851364, 0.14814814814814814)"
381,"(0.7780172413793104, 0.4180790960451977, 0.3234867394556803)","(0.1477832512315271, 3.9120095124851364, 0.14814814814814814)"
382,"(0.7780172413793104, 0.4180790960451977, 0.3234867394556803)","(0.1477832512315271, 3.9120095124851364, 0.14814814814814814)"
383,"(0.7780172413793104, 0.4180790960451977, 0.3234867394556803)","(0.1477832512315271, 3.9120095124851364, 0.14814814814814814)"
384,"(0.7780172413793104, 0.4180790960451977, 0.3234867394556803)","(0.1477832512315271, 3.9120095124851364, 0.14814814814814814)"
385,"(0.7780172413793104, 0.4180790960451977, 0.3234867394556803)","(0.1477832512315271, 3.9120095124851364, 0.14814814814814814)"
386,"(0.7780172413793104, 0.4180790960451977, 0.3234867394556803)","(0.1477832512315271, 3.9120095124851364, 0.14814814814814814)"
387,"(0.7780172413793104, 0.4180790960451977, 0.3234867394556803)","(0.1477832512315271, 3.9120095124851364, 0.14814814814814814)"
388,"(0.7758620689655172, 0.4157303370786517, 0.3175185638471132)","(0.15024630541871922, 4.302021403091558, 0.1455026455026455)"
389,"(0.7758620689655172, 0.4157303370786517, 0.3175185638471132)","(0.15024630541871922, 4.302021403091558, 0.1455026455026455)"
390,"(0.7758620689655172, 0.4157303370786517, 0.3175185638471132)","(0.15024630541871922, 4.302021403091558, 0.1455026455026455)"
391,"(0.7758620689655172, 0.4157303370786517, 0.3175185638471132)","(0.15024630541871922, 4.302021403091558, 0.1455026455026455)"
392,"(0.7758620689655172, 0.4157303370786517, 0.3175185638471132)","(0.15024630541871922, 4.302021403091558, 0.1455026455026455)"
393,"(0.7758620689655172, 0.4157303370786517, 0.3175185638471132)","(0.15024630541871922, 4.302021403091558, 0.1455026455026455)"
394,"(0.7758620689655172, 0.4157303370786517, 0.3175185638471132)","(0.15024630541871922, 4.302021403091558, 0.1455026455026455)"
395,"(0.7758620689655172, 0.4157303370786517, 0.3175185638471132)","(0.15024630541871922, 4.302021403091558, 0.1455026455026455)"
396,"(0.7758620689655172, 0.4157303370786517, 0.3175185638471132)","(0.15024630541871922, 4.302021403091558, 0.1455026455026455)"
397,"(0.7758620689655172, 0.4157303370786517, 0.3175185638471132)","(0.15024630541871922, 4.302021403091558, 0.1455026455026455)"
398,"(0.7758620689655172, 0.4157303370786517, 0.3175185638471132)","(0.15024630541871922, 4.302021403091558, 0.1455026455026455)"
399,"(0.7758620689655172, 0.4157303370786517, 0.3175185638471132)","(0.15024630541871922, 4.302021403091558, 0.1455026455026455)"
400,"(0.7758620689655172, 0.4157303370786517, 0.3175185638471132)","(0.15024630541871922, 4.302021403091558, 0.1455026455026455)"
401,"(0.7758620689655172, 0.4157303370786517, 0.3175185638471132)","(0.15024630541871922, 4.302021403091558, 0.1455026455026455)"
402,"(0.7758620689655172, 0.4157303370786517, 0.3175185638471132)","(0.15024630541871922, 4.302021403091558, 0.1455026455026455)"
403,"(0.7758620689655172, 0.4157303370786517, 0.3175185638471132)","(0.15024630541871922, 4.302021403091558, 0.1455026455026455)"
404,"(0.7758620689655172, 0.4157303370786517, 0.3175185638471132)","(0.15024630541871922, 4.302021403091558, 0.1455026455026455)"
405,"(0.7758620689655172, 0.4157303370786517, 0.3175185638471132)","(0.15024630541871922, 4.302021403091558, 0.1455026455026455)"
406,"(0.7758620689655172, 0.4157303370786517, 0.3175185638471132)","(0.15024630541871922, 4.302021403091558, 0.1455026455026455)"
407,"(0.7758620689655172, 0.4157303370786517, 0.3175185638471132)","(0.15024630541871922, 4.302021403091558, 0.1455026455026455)"
408,"(0.7758620689655172, 0.4157303370786517, 0.3175185638471132)","(0.15024630541871922, 4.302021403091558, 0.1455026455026455)"
409,"(0.7758620689655172, 0.4157303370786517, 0.3175185638471132)","(0.15024630541871922, 4.302021403091558, 0.1455026455026455)"
410,"(0.7758620689655172, 0.4157303370786517, 0.3175185638471132)","(0.15024630541871922, 4.302021403091558, 0.1455026455026455)"
411,"(0.7780172413793104, 0.4245810055865922, 0.32624745071482597)","(0.15270935960591134, 4.130796670630202, 0.14285714285714285)"
412,"(0.7780172413793104, 0.4245810055865922, 0.32624745071482597)","(0.15270935960591134, 4.130796670630202, 0.14285714285714285)"
413,"(0.7780172413793104, 0.4245810055865922, 0.32624745071482597)","(0.15270935960591134, 4.130796670630202, 0.14285714285714285)"
414,"(0.7758620689655172, 0.4157303370786517, 0.3175185638471132)","(0.15024630541871922, 4.302021403091558, 0.1455026455026455)"
415,"(0.7780172413793104, 0.4245810055865922, 0.32624745071482597)","(0.15270935960591134, 4.130796670630202, 0.14285714285714285)"
416,"(0.7780172413793104, 0.4245810055865922, 0.32624745071482597)","(0.15270935960591134, 4.130796670630202, 0.14285714285714285)"
417,"(0.7780172413793104, 0.4245810055865922, 0.32624745071482597)","(0.15270935960591134, 4.130796670630202, 0.14285714285714285)"
418,"(0.7758620689655172, 0.4157303370786517, 0.3175185638471132)","(0.15024630541871922, 4.302021403091558, 0.1455026455026455)"
419,"(0.7780172413793104, 0.4245810055865922, 0.32624745071482597)","(0.15270935960591134, 4.130796670630202, 0.14285714285714285)"
420,"(0.7758620689655172, 0.4222222222222222, 0.32039782430836933)","(0.15517241379310345, 4.501783590963138, 0.17857142857142858)"
421,"(0.7758620689655172, 0.4222222222222222, 0.32039782430836933)","(0.15517241379310345, 4.501783590963138, 0.17857142857142858)"
422,"(0.7758620689655172, 0.4222222222222222, 0.32039782430836933)","(0.15517241379310345, 4.501783590963138, 0.17857142857142858)"
423,"(0.7758620689655172, 0.4222222222222222, 0.32039782430836933)","(0.15517241379310345, 4.501783590963138, 0.17857142857142858)"
424,"(0.7758620689655172, 0.4222222222222222, 0.32039782430836933)","(0.15517241379310345, 4.501783590963138, 0.17857142857142858)"
425,"(0.7758620689655172, 0.4222222222222222, 0.32039782430836933)","(0.15517241379310345, 4.501783590963138, 0.17857142857142858)"
426,"(0.7758620689655172, 0.4222222222222222, 0.32039782430836933)","(0.15517241379310345, 4.501783590963138, 0.17857142857142858)"
427,"(0.7758620689655172, 0.4222222222222222, 0.32039782430836933)","(0.15517241379310345, 4.501783590963138, 0.17857142857142858)"
428,"(0.7758620689655172, 0.4222222222222222, 0.32039782430836933)","(0.15517241379310345, 4.501783590963138, 0.17857142857142858)"
429,"(0.7758620689655172, 0.4222222222222222, 0.32039782430836933)","(0.15517241379310345, 4.501783590963138, 0.17857142857142858)"
430,"(0.7758620689655172, 0.4222222222222222, 0.32039782430836933)","(0.15517241379310345, 4.501783590963138, 0.17857142857142858)"
431,"(0.7758620689655172, 0.4222222222222222, 0.32039782430836933)","(0.15517241379310345, 4.501783590963138, 0.17857142857142858)"
432,"(0.7758620689655172, 0.4222222222222222, 0.32039782430836933)","(0.15517241379310345, 4.501783590963138, 0.17857142857142858)"
433,"(0.7737068965517241, 0.4198895027624309, 0.31465279192702955)","(0.15763546798029557, 4.449464922711057, 0.17592592592592593)"
434,"(0.7737068965517241, 0.4198895027624309, 0.31465279192702955)","(0.15763546798029557, 4.449464922711057, 0.17592592592592593)"
435,"(0.7737068965517241, 0.4198895027624309, 0.31465279192702955)","(0.15763546798029557, 4.449464922711057, 0.17592592592592593)"
436,"(0.7737068965517241, 0.4198895027624309, 0.31465279192702955)","(0.15763546798029557, 4.449464922711057, 0.17592592592592593)"
437,"(0.7737068965517241, 0.4198895027624309, 0.31465279192702955)","(0.15763546798029557, 4.449464922711057, 0.17592592592592593)"
438,"(0.7737068965517241, 0.4198895027624309, 0.31465279192702955)","(0.15763546798029557, 4.449464922711057, 0.17592592592592593)"
439,"(0.7737068965517241, 0.4198895027624309, 0.31465279192702955)","(0.15763546798029557, 4.449464922711057, 0.17592592592592593)"
440,"(0.7737068965517241, 0.4198895027624309, 0.31465279192702955)","(0.15763546798029557, 4.449464922711057, 0.17592592592592593)"
441,"(0.7758620689655172, 0.42857142857142855, 0.3233077331753988)","(0.16009852216748768, 4.801426872770511, 0.17328042328042328)"
442,"(0.7737068965517241, 0.4198895027624309, 0.31465279192702955)","(0.15763546798029557, 4.518430439952437, 0.17592592592592593)"
443,"(0.7737068965517241, 0.4198895027624309, 0.31465279192702955)","(0.15763546798029557, 4.518430439952437, 0.17592592592592593)"
444,"(0.7737068965517241, 0.4198895027624309, 0.31465279192702955)","(0.15763546798029557, 4.518430439952437, 0.17592592592592593)"
445,"(0.7737068965517241, 0.4198895027624309, 0.31465279192702955)","(0.15763546798029557, 4.518430439952437, 0.17592592592592593)"
446,"(0.7758620689655172, 0.42857142857142855, 0.3233077331753988)","(0.16009852216748768, 4.732461355529133, 0.17328042328042328)"
447,"(0.7758620689655172, 0.42857142857142855, 0.3233077331753988)","(0.16009852216748768, 4.732461355529133, 0.17328042328042328)"
448,"(0.7758620689655172, 0.42857142857142855, 0.3233077331753988)","(0.16009852216748768, 4.732461355529133, 0.17328042328042328)"
449,"(0.7758620689655172, 0.42857142857142855, 0.3233077331753988)","(0.16009852216748768, 4.732461355529133, 0.17328042328042328)"
450,"(0.7758620689655172, 0.42857142857142855, 0.3233077331753988)","(0.16009852216748768, 4.732461355529133, 0.17328042328042328)"
451,"(0.7758620689655172, 0.42857142857142855, 0.3233077331753988)","(0.16009852216748768, 4.732461355529133, 0.17328042328042328)"
452,"(0.7758620689655172, 0.42857142857142855, 0.3233077331753988)","(0.16009852216748768, 4.732461355529133, 0.17328042328042328)"
453,"(0.7758620689655172, 0.42857142857142855, 0.3233077331753988)","(0.16009852216748768, 4.732461355529133, 0.17328042328042328)"
454,"(0.7758620689655172, 0.42857142857142855, 0.3233077331753988)","(0.16009852216748768, 4.732461355529133, 0.17328042328042328)"
455,"(0.7758620689655172, 0.42857142857142855, 0.3233077331753988)","(0.16009852216748768, 4.732461355529133, 0.17328042328042328)"
456,"(0.7758620689655172, 0.42857142857142855, 0.3233077331753988)","(0.16009852216748768, 4.732461355529133, 0.17328042328042328)"
457,"(0.7758620689655172, 0.42857142857142855, 0.3233077331753988)","(0.16009852216748768, 4.732461355529133, 0.17328042328042328)"
458,"(0.7758620689655172, 0.42857142857142855, 0.3233077331753988)","(0.16009852216748768, 4.732461355529133, 0.17328042328042328)"
459,"(0.7758620689655172, 0.42857142857142855, 0.3233077331753988)","(0.16009852216748768, 4.732461355529133, 0.17328042328042328)"
460,"(0.7758620689655172, 0.42857142857142855, 0.3233077331753988)","(0.16009852216748768, 4.732461355529133, 0.17328042328042328)"
461,"(0.7758620689655172, 0.42857142857142855, 0.3233077331753988)","(0.16009852216748768, 4.732461355529133, 0.17328042328042328)"
462,"(0.7780172413793104, 0.4371584699453552, 0.3318776258333497)","(0.1625615763546798, 4.523186682520809, 0.17063492063492064)"
463,"(0.7780172413793104, 0.4371584699453552, 0.3318776258333497)","(0.1625615763546798, 4.523186682520809, 0.17063492063492064)"
464,"(0.7780172413793104, 0.4371584699453552, 0.3318776258333497)","(0.1625615763546798, 4.523186682520809, 0.17063492063492064)"
465,"(0.7780172413793104, 0.4371584699453552, 0.3318776258333497)","(0.1625615763546798, 4.523186682520809, 0.17063492063492064)"
466,"(0.7780172413793104, 0.4371584699453552, 0.3318776258333497)","(0.1625615763546798, 4.523186682520809, 0.17063492063492064)"
467,"(0.7780172413793104, 0.4371584699453552, 0.3318776258333497)","(0.1625615763546798, 4.523186682520809, 0.17063492063492064)"
468,"(0.7780172413793104, 0.4371584699453552, 0.3318776258333497)","(0.1625615763546798, 4.523186682520809, 0.17063492063492064)"
469,"(0.7780172413793104, 0.4371584699453552, 0.3318776258333497)","(0.1625615763546798, 4.523186682520809, 0.17063492063492064)"
470,"(0.7780172413793104, 0.4371584699453552, 0.3318776258333497)","(0.1625615763546798, 4.523186682520809, 0.17063492063492064)"
471,"(0.7801724137931034, 0.43956043956043955, 0.33760711247130815)","(0.16009852216748768, 4.2497027348394765, 0.17328042328042328)"
472,"(0.7780172413793104, 0.4371584699453552, 0.3318776258333497)","(0.1625615763546798, 4.523186682520809, 0.17063492063492064)"
473,"(0.7801724137931034, 0.43956043956043955, 0.33760711247130815)","(0.16009852216748768, 4.2497027348394765, 0.17328042328042328)"
474,"(0.7801724137931034, 0.43956043956043955, 0.33760711247130815)","(0.16009852216748768, 4.2497027348394765, 0.17328042328042328)"
475,"(0.7801724137931034, 0.43956043956043955, 0.33760711247130815)","(0.16009852216748768, 4.2497027348394765, 0.17328042328042328)"
476,"(0.7801724137931034, 0.43956043956043955, 0.33760711247130815)","(0.16009852216748768, 4.2497027348394765, 0.17328042328042328)"
477,"(0.7801724137931034, 0.43956043956043955, 0.33760711247130815)","(0.16009852216748768, 4.2497027348394765, 0.17328042328042328)"
478,"(0.7801724137931034, 0.43956043956043955, 0.33760711247130815)","(0.16009852216748768, 4.2497027348394765, 0.17328042328042328)"
479,"(0.7801724137931034, 0.43956043956043955, 0.33760711247130815)","(0.16009852216748768, 4.2497027348394765, 0.17328042328042328)"
480,"(0.7801724137931034, 0.43956043956043955, 0.33760711247130815)","(0.16009852216748768, 4.2497027348394765, 0.17328042328042328)"
481,"(0.7801724137931034, 0.43956043956043955, 0.33760711247130815)","(0.16009852216748768, 4.2497027348394765, 0.17328042328042328)"
482,"(0.7823275862068966, 0.4419889502762431, 0.3434380631127831)","(0.15763546798029557, 4.035671819262782, 0.17592592592592593)"
483,"(0.7823275862068966, 0.4419889502762431, 0.3434380631127831)","(0.15763546798029557, 4.035671819262782, 0.17592592592592593)"
484,"(0.7823275862068966, 0.4419889502762431, 0.3434380631127831)","(0.15763546798029557, 4.035671819262782, 0.17592592592592593)"
485,"(0.7823275862068966, 0.4419889502762431, 0.3434380631127831)","(0.15763546798029557, 4.035671819262782, 0.17592592592592593)"
486,"(0.7823275862068966, 0.4419889502762431, 0.3434380631127831)","(0.15763546798029557, 4.035671819262782, 0.17592592592592593)"
487,"(0.7844827586206896, 0.4444444444444444, 0.3493744524107148)","(0.15517241379310345, 3.812128418549345, 0.17857142857142858)"
488,"(0.7844827586206896, 0.4444444444444444, 0.3493744524107148)","(0.15517241379310345, 3.812128418549345, 0.17857142857142858)"
489,"(0.7823275862068966, 0.4419889502762431, 0.3434380631127831)","(0.15763546798029557, 4.035671819262782, 0.17592592592592593)"
490,"(0.7823275862068966, 0.4419889502762431, 0.3434380631127831)","(0.15763546798029557, 4.035671819262782, 0.17592592592592593)"
491,"(0.7844827586206896, 0.4444444444444444, 0.3493744524107148)","(0.15517241379310345, 3.812128418549345, 0.17857142857142858)"
492,"(0.7823275862068966, 0.4419889502762431, 0.3434380631127831)","(0.15763546798029557, 4.035671819262782, 0.17592592592592593)"
493,"(0.7823275862068966, 0.4419889502762431, 0.3434380631127831)","(0.15763546798029557, 4.035671819262782, 0.17592592592592593)"
494,"(0.7823275862068966, 0.4419889502762431, 0.3434380631127831)","(0.15763546798029557, 4.035671819262782, 0.17592592592592593)"
495,"(0.7823275862068966, 0.4419889502762431, 0.3434380631127831)","(0.15763546798029557, 4.035671819262782, 0.17592592592592593)"
496,"(0.7823275862068966, 0.4419889502762431, 0.3434380631127831)","(0.15763546798029557, 4.035671819262782, 0.17592592592592593)"
497,"(0.7823275862068966, 0.4419889502762431, 0.3434380631127831)","(0.15763546798029557, 4.035671819262782, 0.17592592592592593)"
498,"(0.7823275862068966, 0.4419889502762431, 0.3434380631127831)","(0.15763546798029557, 4.035671819262782, 0.17592592592592593)"
499,"(0.7823275862068966, 0.4419889502762431, 0.3434380631127831)","(0.15763546798029557, 4.035671819262782, 0.17592592592592593)"
500,"(0.7823275862068966, 0.4419889502762431, 0.3434380631127831)","(0.15763546798029557, 4.035671819262782, 0.17592592592592593)"
501,"(0.7823275862068966, 0.4419889502762431, 0.3434380631127831)","(0.15763546798029557, 4.035671819262782, 0.17592592592592593)"
502,"(0.7823275862068966, 0.4419889502762431, 0.3434380631127831)","(0.15763546798029557, 4.035671819262782, 0.17592592592592593)"
503,"(0.7823275862068966, 0.4419889502762431, 0.3434380631127831)","(0.15763546798029557, 4.035671819262782, 0.17592592592592593)"
504,"(0.7823275862068966, 0.4419889502762431, 0.3434380631127831)","(0.15763546798029557, 4.035671819262782, 0.17592592592592593)"
505,"(0.7823275862068966, 0.4419889502762431, 0.3434380631127831)","(0.15763546798029557, 4.035671819262782, 0.17592592592592593)"
506,"(0.7823275862068966, 0.4419889502762431, 0.3434380631127831)","(0.15763546798029557, 4.035671819262782, 0.17592592592592593)"
507,"(0.7823275862068966, 0.4419889502762431, 0.3434380631127831)","(0.15763546798029557, 4.035671819262782, 0.17592592592592593)"
508,"(0.7823275862068966, 0.4419889502762431, 0.3434380631127831)","(0.15763546798029557, 4.035671819262782, 0.17592592592592593)"
509,"(0.7823275862068966, 0.4419889502762431, 0.3434380631127831)","(0.15763546798029557, 4.035671819262782, 0.17592592592592593)"
510,"(0.7823275862068966, 0.4419889502762431, 0.3434380631127831)","(0.15763546798029557, 4.035671819262782, 0.17592592592592593)"
511,"(0.7823275862068966, 0.4419889502762431, 0.3434380631127831)","(0.15763546798029557, 4.035671819262782, 0.17592592592592593)"
512,"(0.7823275862068966, 0.4419889502762431, 0.3434380631127831)","(0.15763546798029557, 4.035671819262782, 0.17592592592592593)"
513,"(0.7823275862068966, 0.4419889502762431, 0.3434380631127831)","(0.15763546798029557, 4.035671819262782, 0.17592592592592593)"
514,"(0.7823275862068966, 0.4419889502762431, 0.3434380631127831)","(0.15763546798029557, 4.035671819262782, 0.17592592592592593)"
515,"(0.7823275862068966, 0.4419889502762431, 0.3434380631127831)","(0.15763546798029557, 4.035671819262782, 0.17592592592592593)"
516,"(0.7823275862068966, 0.4419889502762431, 0.3434380631127831)","(0.15763546798029557, 4.035671819262782, 0.17592592592592593)"
517,"(0.7844827586206896, 0.45054945054945056, 0.3519064917672175)","(0.16009852216748768, 4.042806183115339, 0.17328042328042328)"
518,"(0.7844827586206896, 0.45054945054945056, 0.3519064917672175)","(0.16009852216748768, 4.042806183115339, 0.17328042328042328)"
519,"(0.7844827586206896, 0.45054945054945056, 0.3519064917672175)","(0.16009852216748768, 4.042806183115339, 0.17328042328042328)"
520,"(0.7844827586206896, 0.45054945054945056, 0.3519064917672175)","(0.16009852216748768, 4.042806183115339, 0.17328042328042328)"
521,"(0.7844827586206896, 0.45054945054945056, 0.3519064917672175)","(0.16009852216748768, 4.042806183115339, 0.17328042328042328)"
522,"(0.7844827586206896, 0.45054945054945056, 0.3519064917672175)","(0.16009852216748768, 4.042806183115339, 0.17328042328042328)"
523,"(0.7844827586206896, 0.45054945054945056, 0.3519064917672175)","(0.16009852216748768, 4.042806183115339, 0.17328042328042328)"
524,"(0.7844827586206896, 0.45054945054945056, 0.3519064917672175)","(0.16009852216748768, 4.042806183115339, 0.17328042328042328)"
525,"(0.7844827586206896, 0.45054945054945056, 0.3519064917672175)","(0.16009852216748768, 4.042806183115339, 0.17328042328042328)"
526,"(0.7844827586206896, 0.45054945054945056, 0.3519064917672175)","(0.16009852216748768, 4.042806183115339, 0.17328042328042328)"
527,"(0.7844827586206896, 0.45054945054945056, 0.3519064917672175)","(0.16009852216748768, 4.042806183115339, 0.17328042328042328)"
528,"(0.7844827586206896, 0.45054945054945056, 0.3519064917672175)","(0.16009852216748768, 4.042806183115339, 0.17328042328042328)"
529,"(0.7844827586206896, 0.45054945054945056, 0.3519064917672175)","(0.16009852216748768, 4.042806183115339, 0.17328042328042328)"
530,"(0.7844827586206896, 0.45054945054945056, 0.3519064917672175)","(0.16009852216748768, 4.042806183115339, 0.17328042328042328)"
531,"(0.7844827586206896, 0.45652173913043476, 0.3544853750490992)","(0.16502463054187191, 4.097502972651605, 0.167989417989418)"
532,"(0.7823275862068966, 0.4540540540540541, 0.3487746536661285)","(0.16748768472906403, 4.145065398335316, 0.16534391534391535)"
533,"(0.7823275862068966, 0.4540540540540541, 0.3487746536661285)","(0.16748768472906403, 4.145065398335316, 0.16534391534391535)"
534,"(0.7823275862068966, 0.4540540540540541, 0.3487746536661285)","(0.16748768472906403, 4.145065398335316, 0.16534391534391535)"
535,"(0.7823275862068966, 0.4540540540540541, 0.3487746536661285)","(0.16748768472906403, 4.145065398335316, 0.16534391534391535)"
536,"(0.7823275862068966, 0.4540540540540541, 0.3487746536661285)","(0.16748768472906403, 4.145065398335316, 0.16534391534391535)"
537,"(0.7823275862068966, 0.4540540540540541, 0.3487746536661285)","(0.16748768472906403, 4.145065398335316, 0.16534391534391535)"
538,"(0.7823275862068966, 0.4540540540540541, 0.3487746536661285)","(0.16748768472906403, 4.145065398335316, 0.16534391534391535)"
539,"(0.7823275862068966, 0.4540540540540541, 0.3487746536661285)","(0.16748768472906403, 4.145065398335316, 0.16534391534391535)"
540,"(0.7823275862068966, 0.4540540540540541, 0.3487746536661285)","(0.16748768472906403, 4.145065398335316, 0.16534391534391535)"
541,"(0.7823275862068966, 0.4540540540540541, 0.3487746536661285)","(0.16748768472906403, 4.145065398335316, 0.16534391534391535)"
542,"(0.7823275862068966, 0.4540540540540541, 0.3487746536661285)","(0.16748768472906403, 4.145065398335316, 0.16534391534391535)"
543,"(0.7823275862068966, 0.4540540540540541, 0.3487746536661285)","(0.16748768472906403, 4.145065398335316, 0.16534391534391535)"
544,"(0.7823275862068966, 0.4540540540540541, 0.3487746536661285)","(0.16748768472906403, 4.145065398335316, 0.16534391534391535)"
545,"(0.7823275862068966, 0.4540540540540541, 0.3487746536661285)","(0.16748768472906403, 4.145065398335316, 0.16534391534391535)"
546,"(0.7823275862068966, 0.4540540540540541, 0.3487746536661285)","(0.16748768472906403, 4.145065398335316, 0.16534391534391535)"
547,"(0.7823275862068966, 0.4540540540540541, 0.3487746536661285)","(0.16748768472906403, 4.145065398335316, 0.16534391534391535)"
548,"(0.7823275862068966, 0.4540540540540541, 0.3487746536661285)","(0.16748768472906403, 4.145065398335316, 0.16534391534391535)"
549,"(0.7823275862068966, 0.4540540540540541, 0.3487746536661285)","(0.16748768472906403, 4.145065398335316, 0.16534391534391535)"
550,"(0.7823275862068966, 0.4540540540540541, 0.3487746536661285)","(0.16748768472906403, 4.145065398335316, 0.16534391534391535)"
551,"(0.7823275862068966, 0.4540540540540541, 0.3487746536661285)","(0.16748768472906403, 4.145065398335316, 0.16534391534391535)"
552,"(0.7823275862068966, 0.4540540540540541, 0.3487746536661285)","(0.16748768472906403, 4.145065398335316, 0.16534391534391535)"
553,"(0.7823275862068966, 0.4540540540540541, 0.3487746536661285)","(0.16748768472906403, 4.145065398335316, 0.16534391534391535)"
554,"(0.7823275862068966, 0.4540540540540541, 0.3487746536661285)","(0.16748768472906403, 4.145065398335316, 0.16534391534391535)"
555,"(0.7823275862068966, 0.4540540540540541, 0.3487746536661285)","(0.16748768472906403, 4.145065398335316, 0.16534391534391535)"
556,"(0.7823275862068966, 0.4540540540540541, 0.3487746536661285)","(0.16748768472906403, 4.145065398335316, 0.16534391534391535)"
557,"(0.7823275862068966, 0.4540540540540541, 0.3487746536661285)","(0.16748768472906403, 4.145065398335316, 0.16534391534391535)"
558,"(0.7844827586206896, 0.45652173913043476, 0.3544853750490992)","(0.16502463054187191, 4.166468489892985, 0.167989417989418)"
559,"(0.7844827586206896, 0.45652173913043476, 0.3544853750490992)","(0.16502463054187191, 4.166468489892985, 0.167989417989418)"
560,"(0.7844827586206896, 0.45652173913043476, 0.3544853750490992)","(0.16502463054187191, 4.166468489892985, 0.167989417989418)"
561,"(0.7844827586206896, 0.45652173913043476, 0.3544853750490992)","(0.16502463054187191, 4.166468489892985, 0.167989417989418)"
562,"(0.7844827586206896, 0.45652173913043476, 0.3544853750490992)","(0.16502463054187191, 4.166468489892985, 0.167989417989418)"
563,"(0.7844827586206896, 0.45652173913043476, 0.3544853750490992)","(0.16502463054187191, 4.166468489892985, 0.167989417989418)"
564,"(0.7844827586206896, 0.45652173913043476, 0.3544853750490992)","(0.16502463054187191, 4.166468489892985, 0.167989417989418)"
565,"(0.7844827586206896, 0.45652173913043476, 0.3544853750490992)","(0.16502463054187191, 4.166468489892985, 0.167989417989418)"
566,"(0.7844827586206896, 0.45652173913043476, 0.3544853750490992)","(0.16502463054187191, 4.166468489892985, 0.167989417989418)"
567,"(0.7844827586206896, 0.45652173913043476, 0.3544853750490992)","(0.16502463054187191, 4.166468489892985, 0.167989417989418)"
568,"(0.7823275862068966, 0.4540540540540541, 0.3487746536661285)","(0.16748768472906403, 4.214030915576695, 0.16534391534391535)"
569,"(0.7801724137931034, 0.44565217391304346, 0.3403656039079899)","(0.16502463054187191, 4.028537455410226, 0.167989417989418)"
570,"(0.7801724137931034, 0.44565217391304346, 0.3403656039079899)","(0.16502463054187191, 4.028537455410226, 0.167989417989418)"
571,"(0.7801724137931034, 0.44565217391304346, 0.3403656039079899)","(0.16502463054187191, 4.028537455410226, 0.167989417989418)"
572,"(0.7801724137931034, 0.44565217391304346, 0.3403656039079899)","(0.16502463054187191, 4.028537455410226, 0.167989417989418)"
573,"(0.7801724137931034, 0.44565217391304346, 0.3403656039079899)","(0.16502463054187191, 4.028537455410226, 0.167989417989418)"
574,"(0.7801724137931034, 0.44565217391304346, 0.3403656039079899)","(0.16502463054187191, 4.028537455410226, 0.167989417989418)"
575,"(0.7801724137931034, 0.44565217391304346, 0.3403656039079899)","(0.16502463054187191, 4.028537455410226, 0.167989417989418)"
576,"(0.7801724137931034, 0.44565217391304346, 0.3403656039079899)","(0.16502463054187191, 4.028537455410226, 0.167989417989418)"
577,"(0.7801724137931034, 0.44565217391304346, 0.3403656039079899)","(0.16502463054187191, 4.028537455410226, 0.167989417989418)"
578,"(0.7801724137931034, 0.44565217391304346, 0.3403656039079899)","(0.16502463054187191, 4.028537455410226, 0.167989417989418)"
579,"(0.7801724137931034, 0.44565217391304346, 0.3403656039079899)","(0.16502463054187191, 4.028537455410226, 0.167989417989418)"
580,"(0.7801724137931034, 0.44565217391304346, 0.3403656039079899)","(0.16502463054187191, 4.028537455410226, 0.167989417989418)"
581,"(0.7801724137931034, 0.44565217391304346, 0.3403656039079899)","(0.16502463054187191, 4.028537455410226, 0.167989417989418)"
582,"(0.7801724137931034, 0.44565217391304346, 0.3403656039079899)","(0.16502463054187191, 4.028537455410226, 0.167989417989418)"
583,"(0.7801724137931034, 0.44565217391304346, 0.3403656039079899)","(0.16502463054187191, 4.028537455410226, 0.167989417989418)"
584,"(0.7801724137931034, 0.44565217391304346, 0.3403656039079899)","(0.16502463054187191, 4.028537455410226, 0.167989417989418)"
585,"(0.7780172413793104, 0.44324324324324327, 0.33474140364002)","(0.16748768472906403, 4.214030915576694, 0.16534391534391535)"
586,"(0.7780172413793104, 0.44324324324324327, 0.33474140364002)","(0.16748768472906403, 4.214030915576694, 0.16534391534391535)"
587,"(0.7801724137931034, 0.45161290322580644, 0.3431588109937603)","(0.16995073891625614, 3.976218787158147, 0.1626984126984127)"
588,"(0.7801724137931034, 0.45161290322580644, 0.3431588109937603)","(0.16995073891625614, 3.976218787158147, 0.1626984126984127)"
589,"(0.7801724137931034, 0.45161290322580644, 0.3431588109937603)","(0.16995073891625614, 3.976218787158147, 0.1626984126984127)"
590,"(0.7801724137931034, 0.45161290322580644, 0.3431588109937603)","(0.16995073891625614, 3.976218787158147, 0.1626984126984127)"
591,"(0.7801724137931034, 0.45161290322580644, 0.3431588109937603)","(0.16995073891625614, 3.976218787158147, 0.1626984126984127)"
592,"(0.7801724137931034, 0.45161290322580644, 0.3431588109937603)","(0.16995073891625614, 3.976218787158147, 0.1626984126984127)"
593,"(0.7801724137931034, 0.45161290322580644, 0.3431588109937603)","(0.16995073891625614, 3.976218787158147, 0.1626984126984127)"
594,"(0.7801724137931034, 0.45161290322580644, 0.3431588109937603)","(0.16995073891625614, 3.976218787158147, 0.1626984126984127)"
595,"(0.7801724137931034, 0.45161290322580644, 0.3431588109937603)","(0.16995073891625614, 3.976218787158147, 0.1626984126984127)"
596,"(0.7801724137931034, 0.45161290322580644, 0.3431588109937603)","(0.16995073891625614, 3.976218787158147, 0.1626984126984127)"
597,"(0.7801724137931034, 0.45161290322580644, 0.3431588109937603)","(0.16995073891625614, 3.976218787158147, 0.1626984126984127)"
598,"(0.7801724137931034, 0.45161290322580644, 0.3431588109937603)","(0.16995073891625614, 3.976218787158147, 0.1626984126984127)"
599,"(0.7801724137931034, 0.45161290322580644, 0.3431588109937603)","(0.16995073891625614, 3.976218787158147, 0.1626984126984127)"
600,"(0.7801724137931034, 0.45161290322580644, 0.3431588109937603)","(0.16995073891625614, 3.976218787158147, 0.1626984126984127)"
601,"(0.7801724137931034, 0.45161290322580644, 0.3431588109937603)","(0.16995073891625614, 3.976218787158147, 0.1626984126984127)"
602,"(0.7801724137931034, 0.45161290322580644, 0.3431588109937603)","(0.16995073891625614, 3.976218787158147, 0.1626984126984127)"
603,"(0.7801724137931034, 0.45161290322580644, 0.3431588109937603)","(0.16995073891625614, 3.976218787158147, 0.1626984126984127)"
604,"(0.7801724137931034, 0.45161290322580644, 0.3431588109937603)","(0.16995073891625614, 3.976218787158147, 0.1626984126984127)"
605,"(0.7801724137931034, 0.45161290322580644, 0.3431588109937603)","(0.16995073891625614, 3.976218787158147, 0.1626984126984127)"
606,"(0.7801724137931034, 0.45161290322580644, 0.3431588109937603)","(0.16995073891625614, 3.976218787158147, 0.1626984126984127)"
607,"(0.7801724137931034, 0.45161290322580644, 0.3431588109937603)","(0.16995073891625614, 3.976218787158147, 0.1626984126984127)"
608,"(0.7801724137931034, 0.45161290322580644, 0.3431588109937603)","(0.16995073891625614, 3.976218787158147, 0.1626984126984127)"
609,"(0.7801724137931034, 0.45161290322580644, 0.3431588109937603)","(0.16995073891625614, 3.976218787158147, 0.1626984126984127)"
610,"(0.7801724137931034, 0.45161290322580644, 0.3431588109937603)","(0.16995073891625614, 3.976218787158147, 0.1626984126984127)"
611,"(0.7801724137931034, 0.45161290322580644, 0.3431588109937603)","(0.16995073891625614, 3.976218787158147, 0.1626984126984127)"
612,"(0.7801724137931034, 0.45161290322580644, 0.3431588109937603)","(0.16995073891625614, 3.976218787158147, 0.1626984126984127)"
613,"(0.7801724137931034, 0.45161290322580644, 0.3431588109937603)","(0.16995073891625614, 3.976218787158147, 0.1626984126984127)"
614,"(0.7801724137931034, 0.45161290322580644, 0.3431588109937603)","(0.16995073891625614, 3.976218787158147, 0.1626984126984127)"
615,"(0.7801724137931034, 0.45161290322580644, 0.3431588109937603)","(0.16995073891625614, 3.976218787158147, 0.1626984126984127)"
616,"(0.7801724137931034, 0.45161290322580644, 0.3431588109937603)","(0.16995073891625614, 3.976218787158147, 0.1626984126984127)"
617,"(0.7801724137931034, 0.45161290322580644, 0.3431588109937603)","(0.16995073891625614, 3.976218787158147, 0.1626984126984127)"
618,"(0.7801724137931034, 0.45161290322580644, 0.3431588109937603)","(0.16995073891625614, 3.976218787158147, 0.1626984126984127)"
619,"(0.7801724137931034, 0.45161290322580644, 0.3431588109937603)","(0.16995073891625614, 3.976218787158147, 0.1626984126984127)"
620,"(0.7801724137931034, 0.45161290322580644, 0.3431588109937603)","(0.16995073891625614, 4.390011890606423, 0.1626984126984127)"
621,"(0.7801724137931034, 0.45161290322580644, 0.3431588109937603)","(0.16995073891625614, 4.390011890606423, 0.1626984126984127)"
622,"(0.7801724137931034, 0.45161290322580644, 0.3431588109937603)","(0.16995073891625614, 4.390011890606423, 0.1626984126984127)"
623,"(0.7801724137931034, 0.45161290322580644, 0.3431588109937603)","(0.16995073891625614, 4.390011890606423, 0.1626984126984127)"
624,"(0.7801724137931034, 0.45161290322580644, 0.3431588109937603)","(0.16995073891625614, 4.390011890606423, 0.1626984126984127)"
625,"(0.7801724137931034, 0.45161290322580644, 0.3431588109937603)","(0.16995073891625614, 4.390011890606423, 0.1626984126984127)"
626,"(0.7801724137931034, 0.45161290322580644, 0.3431588109937603)","(0.16995073891625614, 4.390011890606423, 0.1626984126984127)"
627,"(0.7801724137931034, 0.45161290322580644, 0.3431588109937603)","(0.16995073891625614, 4.390011890606423, 0.1626984126984127)"
628,"(0.7801724137931034, 0.45161290322580644, 0.3431588109937603)","(0.16995073891625614, 4.390011890606423, 0.1626984126984127)"
629,"(0.7801724137931034, 0.45161290322580644, 0.3431588109937603)","(0.16995073891625614, 4.390011890606423, 0.1626984126984127)"
630,"(0.7801724137931034, 0.45161290322580644, 0.3431588109937603)","(0.16995073891625614, 4.390011890606423, 0.1626984126984127)"
631,"(0.7801724137931034, 0.45161290322580644, 0.3431588109937603)","(0.16995073891625614, 4.390011890606423, 0.1626984126984127)"
632,"(0.7801724137931034, 0.45161290322580644, 0.3431588109937603)","(0.16995073891625614, 4.390011890606423, 0.1626984126984127)"
633,"(0.7801724137931034, 0.45161290322580644, 0.3431588109937603)","(0.16995073891625614, 4.390011890606423, 0.1626984126984127)"
634,"(0.7801724137931034, 0.45161290322580644, 0.3431588109937603)","(0.16995073891625614, 4.390011890606423, 0.1626984126984127)"
635,"(0.7780172413793104, 0.44919786096256686, 0.3376344643382699)","(0.1724137931034483, 4.832342449464922, 0.16005291005291006)"
636,"(0.7780172413793104, 0.44919786096256686, 0.3376344643382699)","(0.1724137931034483, 4.832342449464922, 0.16005291005291006)"
637,"(0.7780172413793104, 0.44919786096256686, 0.3376344643382699)","(0.1724137931034483, 4.832342449464922, 0.16005291005291006)"
638,"(0.7780172413793104, 0.44919786096256686, 0.3376344643382699)","(0.1724137931034483, 4.832342449464922, 0.16005291005291006)"
639,"(0.7780172413793104, 0.44919786096256686, 0.3376344643382699)","(0.1724137931034483, 4.832342449464922, 0.16005291005291006)"
640,"(0.7780172413793104, 0.44919786096256686, 0.3376344643382699)","(0.1724137931034483, 4.832342449464922, 0.16005291005291006)"
641,"(0.7780172413793104, 0.44919786096256686, 0.3376344643382699)","(0.1724137931034483, 4.832342449464922, 0.16005291005291006)"
642,"(0.7780172413793104, 0.44919786096256686, 0.3376344643382699)","(0.1724137931034483, 4.832342449464922, 0.16005291005291006)"
643,"(0.7780172413793104, 0.44919786096256686, 0.3376344643382699)","(0.1724137931034483, 4.832342449464922, 0.16005291005291006)"
644,"(0.7780172413793104, 0.44919786096256686, 0.3376344643382699)","(0.1724137931034483, 4.832342449464922, 0.16005291005291006)"
645,"(0.7780172413793104, 0.44919786096256686, 0.3376344643382699)","(0.1724137931034483, 4.832342449464922, 0.16005291005291006)"
646,"(0.7780172413793104, 0.44919786096256686, 0.3376344643382699)","(0.1724137931034483, 4.832342449464922, 0.16005291005291006)"
647,"(0.7780172413793104, 0.44919786096256686, 0.3376344643382699)","(0.1724137931034483, 4.832342449464922, 0.16005291005291006)"
648,"(0.7780172413793104, 0.44919786096256686, 0.3376344643382699)","(0.1724137931034483, 4.832342449464922, 0.16005291005291006)"
649,"(0.7780172413793104, 0.44919786096256686, 0.3376344643382699)","(0.1724137931034483, 4.832342449464922, 0.16005291005291006)"
650,"(0.7780172413793104, 0.44919786096256686, 0.3376344643382699)","(0.1724137931034483, 4.832342449464922, 0.16005291005291006)"
651,"(0.7780172413793104, 0.44919786096256686, 0.3376344643382699)","(0.1724137931034483, 4.832342449464922, 0.16005291005291006)"
652,"(0.7780172413793104, 0.44919786096256686, 0.3376344643382699)","(0.1724137931034483, 4.832342449464922, 0.16005291005291006)"
653,"(0.7780172413793104, 0.44919786096256686, 0.3376344643382699)","(0.1724137931034483, 4.832342449464922, 0.16005291005291006)"
654,"(0.7780172413793104, 0.44919786096256686, 0.3376344643382699)","(0.1724137931034483, 4.832342449464922, 0.16005291005291006)"
655,"(0.7780172413793104, 0.44919786096256686, 0.3376344643382699)","(0.1724137931034483, 4.832342449464922, 0.16005291005291006)"
656,"(0.7780172413793104, 0.44919786096256686, 0.3376344643382699)","(0.1724137931034483, 4.832342449464922, 0.16005291005291006)"
657,"(0.7780172413793104, 0.44919786096256686, 0.3376344643382699)","(0.1724137931034483, 4.832342449464922, 0.16005291005291006)"
658,"(0.7758620689655172, 0.44680851063829785, 0.33219839485424374)","(0.1748768472906404, 4.9892984542211645, 0.1574074074074074)"
659,"(0.7758620689655172, 0.44680851063829785, 0.33219839485424374)","(0.1748768472906404, 4.9892984542211645, 0.1574074074074074)"
660,"(0.7758620689655172, 0.44680851063829785, 0.33219839485424374)","(0.1748768472906404, 4.9892984542211645, 0.1574074074074074)"
661,"(0.7758620689655172, 0.44680851063829785, 0.33219839485424374)","(0.1748768472906404, 4.9892984542211645, 0.1574074074074074)"
662,"(0.7758620689655172, 0.44680851063829785, 0.33219839485424374)","(0.1748768472906404, 4.9892984542211645, 0.1574074074074074)"
663,"(0.7758620689655172, 0.44680851063829785, 0.33219839485424374)","(0.1748768472906404, 4.9892984542211645, 0.1574074074074074)"
664,"(0.7758620689655172, 0.44680851063829785, 0.33219839485424374)","(0.1748768472906404, 4.9892984542211645, 0.1574074074074074)"
665,"(0.7758620689655172, 0.44680851063829785, 0.33219839485424374)","(0.1748768472906404, 4.9892984542211645, 0.1574074074074074)"
666,"(0.7758620689655172, 0.44680851063829785, 0.33219839485424374)","(0.1748768472906404, 4.9892984542211645, 0.1574074074074074)"
667,"(0.7758620689655172, 0.44680851063829785, 0.33219839485424374)","(0.1748768472906404, 4.9892984542211645, 0.1574074074074074)"
668,"(0.7758620689655172, 0.44680851063829785, 0.33219839485424374)","(0.1748768472906404, 4.9892984542211645, 0.1574074074074074)"
669,"(0.7737068965517241, 0.4444444444444444, 0.3268475373554769)","(0.17733990147783252, 5.2746730083234254, 0.1931216931216931)"
670,"(0.7737068965517241, 0.4444444444444444, 0.3268475373554769)","(0.17733990147783252, 5.2746730083234254, 0.1931216931216931)"
671,"(0.7737068965517241, 0.4444444444444444, 0.3268475373554769)","(0.17733990147783252, 5.2746730083234254, 0.1931216931216931)"
672,"(0.7737068965517241, 0.4444444444444444, 0.3268475373554769)","(0.17733990147783252, 5.2746730083234254, 0.1931216931216931)"
673,"(0.7737068965517241, 0.4444444444444444, 0.3268475373554769)","(0.17733990147783252, 5.2746730083234254, 0.1931216931216931)"
674,"(0.7737068965517241, 0.4444444444444444, 0.3268475373554769)","(0.17733990147783252, 5.2746730083234254, 0.1931216931216931)"
675,"(0.7737068965517241, 0.4444444444444444, 0.3268475373554769)","(0.17733990147783252, 5.2746730083234254, 0.1931216931216931)"
676,"(0.7737068965517241, 0.4444444444444444, 0.3268475373554769)","(0.17733990147783252, 5.2746730083234254, 0.1931216931216931)"
677,"(0.7737068965517241, 0.4444444444444444, 0.3268475373554769)","(0.17733990147783252, 5.2746730083234254, 0.1931216931216931)"
678,"(0.7737068965517241, 0.4444444444444444, 0.3268475373554769)","(0.17733990147783252, 5.2746730083234254, 0.1931216931216931)"
679,"(0.7737068965517241, 0.4444444444444444, 0.3268475373554769)","(0.17733990147783252, 5.2746730083234254, 0.1931216931216931)"
680,"(0.7737068965517241, 0.4444444444444444, 0.3268475373554769)","(0.17733990147783252, 5.2746730083234254, 0.1931216931216931)"
681,"(0.7737068965517241, 0.4444444444444444, 0.3268475373554769)","(0.17733990147783252, 5.2746730083234254, 0.1931216931216931)"
682,"(0.7737068965517241, 0.4444444444444444, 0.3268475373554769)","(0.17733990147783252, 5.2746730083234254, 0.1931216931216931)"
683,"(0.7737068965517241, 0.4444444444444444, 0.3268475373554769)","(0.17733990147783252, 5.2746730083234254, 0.1931216931216931)"
684,"(0.7737068965517241, 0.4444444444444444, 0.3268475373554769)","(0.17733990147783252, 5.2746730083234254, 0.1931216931216931)"
685,"(0.7737068965517241, 0.4444444444444444, 0.3268475373554769)","(0.17733990147783252, 5.2746730083234254, 0.1931216931216931)"
686,"(0.7737068965517241, 0.4444444444444444, 0.3268475373554769)","(0.17733990147783252, 5.2746730083234254, 0.1931216931216931)"
687,"(0.7737068965517241, 0.4444444444444444, 0.3268475373554769)","(0.17733990147783252, 5.2746730083234254, 0.1931216931216931)"
688,"(0.7737068965517241, 0.4444444444444444, 0.3268475373554769)","(0.17733990147783252, 5.2746730083234254, 0.1931216931216931)"
689,"(0.7737068965517241, 0.4444444444444444, 0.3268475373554769)","(0.17733990147783252, 5.2746730083234254, 0.1931216931216931)"
690,"(0.7737068965517241, 0.4444444444444444, 0.3268475373554769)","(0.17733990147783252, 5.2746730083234254, 0.1931216931216931)"
691,"(0.7737068965517241, 0.4444444444444444, 0.3268475373554769)","(0.17733990147783252, 5.2746730083234254, 0.1931216931216931)"
692,"(0.7737068965517241, 0.4444444444444444, 0.3268475373554769)","(0.17733990147783252, 5.2746730083234254, 0.1931216931216931)"
693,"(0.7737068965517241, 0.4444444444444444, 0.3268475373554769)","(0.17733990147783252, 5.2746730083234254, 0.1931216931216931)"
694,"(0.7737068965517241, 0.4444444444444444, 0.3268475373554769)","(0.17733990147783252, 5.2746730083234254, 0.1931216931216931)"
695,"(0.7737068965517241, 0.4444444444444444, 0.3268475373554769)","(0.17733990147783252, 5.2746730083234254, 0.1931216931216931)"
696,"(0.7737068965517241, 0.4444444444444444, 0.3268475373554769)","(0.17733990147783252, 5.2746730083234254, 0.1931216931216931)"
697,"(0.7737068965517241, 0.4444444444444444, 0.3268475373554769)","(0.17733990147783252, 5.2746730083234254, 0.1931216931216931)"
698,"(0.7737068965517241, 0.4444444444444444, 0.3268475373554769)","(0.17733990147783252, 5.2746730083234254, 0.1931216931216931)"
699,"(0.7758620689655172, 0.45263157894736844, 0.3352094306057834)","(0.17980295566502463, 5.343638525564804, 0.19047619047619047)"
700,"(0.7758620689655172, 0.45263157894736844, 0.3352094306057834)","(0.17980295566502463, 5.343638525564804, 0.19047619047619047)"
701,"(0.7758620689655172, 0.45263157894736844, 0.3352094306057834)","(0.17980295566502463, 5.343638525564804, 0.19047619047619047)"
702,"(0.7758620689655172, 0.45263157894736844, 0.3352094306057834)","(0.17980295566502463, 5.343638525564804, 0.19047619047619047)"
703,"(0.7758620689655172, 0.45263157894736844, 0.3352094306057834)","(0.17980295566502463, 5.343638525564804, 0.19047619047619047)"
704,"(0.7758620689655172, 0.45263157894736844, 0.3352094306057834)","(0.17980295566502463, 5.343638525564804, 0.19047619047619047)"
705,"(0.7758620689655172, 0.45263157894736844, 0.3352094306057834)","(0.17980295566502463, 5.343638525564804, 0.19047619047619047)"
706,"(0.7758620689655172, 0.45263157894736844, 0.3352094306057834)","(0.17980295566502463, 5.343638525564804, 0.19047619047619047)"
707,"(0.7758620689655172, 0.45263157894736844, 0.3352094306057834)","(0.17980295566502463, 5.343638525564804, 0.19047619047619047)"
708,"(0.7758620689655172, 0.45263157894736844, 0.3352094306057834)","(0.17980295566502463, 5.343638525564804, 0.19047619047619047)"
709,"(0.7758620689655172, 0.45263157894736844, 0.3352094306057834)","(0.17980295566502463, 5.343638525564804, 0.19047619047619047)"
710,"(0.7758620689655172, 0.45263157894736844, 0.3352094306057834)","(0.17980295566502463, 5.343638525564804, 0.19047619047619047)"
711,"(0.7758620689655172, 0.45263157894736844, 0.3352094306057834)","(0.17980295566502463, 5.343638525564804, 0.19047619047619047)"
712,"(0.7758620689655172, 0.45263157894736844, 0.3352094306057834)","(0.17980295566502463, 5.343638525564804, 0.19047619047619047)"
713,"(0.7758620689655172, 0.45263157894736844, 0.3352094306057834)","(0.17980295566502463, 5.343638525564804, 0.19047619047619047)"
714,"(0.7780172413793104, 0.4607329842931937, 0.3435006982488558)","(0.18226600985221675, 5.472057074910821, 0.18783068783068782)"
715,"(0.7758620689655172, 0.45263157894736844, 0.3352094306057834)","(0.17980295566502463, 5.205707491082045, 0.15211640211640212)"
716,"(0.7758620689655172, 0.45263157894736844, 0.3352094306057834)","(0.17980295566502463, 5.205707491082045, 0.15211640211640212)"
717,"(0.7758620689655172, 0.45263157894736844, 0.3352094306057834)","(0.17980295566502463, 5.205707491082045, 0.15211640211640212)"
718,"(0.7758620689655172, 0.45263157894736844, 0.3352094306057834)","(0.17980295566502463, 5.205707491082045, 0.15211640211640212)"
719,"(0.7758620689655172, 0.45263157894736844, 0.3352094306057834)","(0.17980295566502463, 5.205707491082045, 0.15211640211640212)"
720,"(0.7758620689655172, 0.45263157894736844, 0.3352094306057834)","(0.17980295566502463, 5.205707491082045, 0.15211640211640212)"
721,"(0.7758620689655172, 0.45263157894736844, 0.3352094306057834)","(0.17980295566502463, 5.205707491082045, 0.15211640211640212)"
722,"(0.7737068965517241, 0.450261780104712, 0.32994530413527623)","(0.18226600985221675, 5.60998810939358, 0.18783068783068782)"
723,"(0.7737068965517241, 0.450261780104712, 0.32994530413527623)","(0.18226600985221675, 5.60998810939358, 0.18783068783068782)"
724,"(0.7737068965517241, 0.450261780104712, 0.32994530413527623)","(0.18226600985221675, 5.60998810939358, 0.18783068783068782)"
725,"(0.7737068965517241, 0.450261780104712, 0.32994530413527623)","(0.18226600985221675, 5.60998810939358, 0.18783068783068782)"
726,"(0.7737068965517241, 0.450261780104712, 0.32994530413527623)","(0.18226600985221675, 5.60998810939358, 0.18783068783068782)"
727,"(0.7737068965517241, 0.450261780104712, 0.32994530413527623)","(0.18226600985221675, 5.60998810939358, 0.18783068783068782)"
728,"(0.7737068965517241, 0.450261780104712, 0.32994530413527623)","(0.18226600985221675, 5.60998810939358, 0.18783068783068782)"
729,"(0.7737068965517241, 0.450261780104712, 0.32994530413527623)","(0.18226600985221675, 5.60998810939358, 0.18783068783068782)"
730,"(0.7737068965517241, 0.450261780104712, 0.32994530413527623)","(0.18226600985221675, 5.60998810939358, 0.18783068783068782)"
731,"(0.7737068965517241, 0.450261780104712, 0.32994530413527623)","(0.18226600985221675, 5.60998810939358, 0.18783068783068782)"
732,"(0.7737068965517241, 0.450261780104712, 0.32994530413527623)","(0.18226600985221675, 5.60998810939358, 0.18783068783068782)"
733,"(0.7737068965517241, 0.450261780104712, 0.32994530413527623)","(0.18226600985221675, 5.60998810939358, 0.18783068783068782)"
734,"(0.7737068965517241, 0.450261780104712, 0.32994530413527623)","(0.18226600985221675, 5.60998810939358, 0.18783068783068782)"
735,"(0.7737068965517241, 0.450261780104712, 0.32994530413527623)","(0.18226600985221675, 5.60998810939358, 0.18783068783068782)"
736,"(0.7737068965517241, 0.450261780104712, 0.32994530413527623)","(0.18226600985221675, 5.60998810939358, 0.18783068783068782)"
737,"(0.7737068965517241, 0.450261780104712, 0.32994530413527623)","(0.18226600985221675, 5.60998810939358, 0.18783068783068782)"
738,"(0.7758620689655172, 0.4583333333333333, 0.3382417313192956)","(0.18472906403940886, 5.521997621878715, 0.18518518518518517)"
739,"(0.7758620689655172, 0.4583333333333333, 0.3382417313192956)","(0.18472906403940886, 5.521997621878715, 0.18518518518518517)"
740,"(0.7758620689655172, 0.4583333333333333, 0.3382417313192956)","(0.18472906403940886, 5.521997621878715, 0.18518518518518517)"
741,"(0.7758620689655172, 0.4583333333333333, 0.3382417313192956)","(0.18472906403940886, 5.521997621878715, 0.18518518518518517)"
742,"(0.7758620689655172, 0.4583333333333333, 0.3382417313192956)","(0.18472906403940886, 5.521997621878715, 0.18518518518518517)"
743,"(0.7758620689655172, 0.4583333333333333, 0.3382417313192956)","(0.18472906403940886, 5.521997621878715, 0.18518518518518517)"
744,"(0.7758620689655172, 0.4583333333333333, 0.3382417313192956)","(0.18472906403940886, 5.521997621878715, 0.18518518518518517)"
745,"(0.7758620689655172, 0.4583333333333333, 0.3382417313192956)","(0.18472906403940886, 5.521997621878715, 0.18518518518518517)"
746,"(0.7758620689655172, 0.4583333333333333, 0.3382417313192956)","(0.18472906403940886, 5.521997621878715, 0.18518518518518517)"
747,"(0.7758620689655172, 0.4583333333333333, 0.3382417313192956)","(0.18472906403940886, 5.521997621878715, 0.18518518518518517)"
748,"(0.7758620689655172, 0.4583333333333333, 0.3382417313192956)","(0.18472906403940886, 5.521997621878715, 0.18518518518518517)"
749,"(0.7758620689655172, 0.4583333333333333, 0.3382417313192956)","(0.18472906403940886, 5.521997621878715, 0.18518518518518517)"
750,"(0.7737068965517241, 0.45595854922279794, 0.3330603410300743)","(0.18719211822660098, 5.286563614744351, 0.18253968253968253)"
751,"(0.7737068965517241, 0.45595854922279794, 0.3330603410300743)","(0.18719211822660098, 5.286563614744351, 0.18253968253968253)"
752,"(0.7737068965517241, 0.45595854922279794, 0.3330603410300743)","(0.18719211822660098, 5.286563614744351, 0.18253968253968253)"
753,"(0.7737068965517241, 0.45595854922279794, 0.3330603410300743)","(0.18719211822660098, 5.286563614744351, 0.18253968253968253)"
754,"(0.7758620689655172, 0.4639175257731959, 0.34129410863569876)","(0.1896551724137931, 5.524375743162903, 0.17989417989417988)"
755,"(0.7758620689655172, 0.4639175257731959, 0.34129410863569876)","(0.1896551724137931, 5.524375743162903, 0.17989417989417988)"
756,"(0.7801724137931034, 0.47959183673469385, 0.3575698680736404)","(0.19458128078817735, 5.626634958382879, 0.1746031746031746)"
757,"(0.7801724137931034, 0.47959183673469385, 0.3575698680736404)","(0.19458128078817735, 5.626634958382879, 0.1746031746031746)"
758,"(0.7801724137931034, 0.47959183673469385, 0.3575698680736404)","(0.19458128078817735, 5.626634958382879, 0.1746031746031746)"
759,"(0.7801724137931034, 0.47959183673469385, 0.3575698680736404)","(0.19458128078817735, 5.626634958382879, 0.1746031746031746)"
760,"(0.7801724137931034, 0.47959183673469385, 0.3575698680736404)","(0.19458128078817735, 5.626634958382879, 0.1746031746031746)"
761,"(0.7801724137931034, 0.47959183673469385, 0.3575698680736404)","(0.19458128078817735, 5.626634958382879, 0.1746031746031746)"
762,"(0.7801724137931034, 0.47959183673469385, 0.3575698680736404)","(0.19458128078817735, 5.626634958382879, 0.1746031746031746)"
763,"(0.7801724137931034, 0.47959183673469385, 0.3575698680736404)","(0.19458128078817735, 5.626634958382879, 0.1746031746031746)"
764,"(0.7801724137931034, 0.47959183673469385, 0.3575698680736404)","(0.19458128078817735, 5.626634958382879, 0.1746031746031746)"
765,"(0.7801724137931034, 0.47959183673469385, 0.3575698680736404)","(0.19458128078817735, 5.626634958382879, 0.1746031746031746)"
766,"(0.7801724137931034, 0.47959183673469385, 0.3575698680736404)","(0.19458128078817735, 5.626634958382879, 0.1746031746031746)"
767,"(0.7801724137931034, 0.47959183673469385, 0.3575698680736404)","(0.19458128078817735, 5.626634958382879, 0.1746031746031746)"
768,"(0.7801724137931034, 0.47959183673469385, 0.3575698680736404)","(0.19458128078817735, 5.626634958382879, 0.1746031746031746)"
769,"(0.7801724137931034, 0.47959183673469385, 0.3575698680736404)","(0.19458128078817735, 5.626634958382879, 0.1746031746031746)"
770,"(0.7801724137931034, 0.47959183673469385, 0.3575698680736404)","(0.19458128078817735, 5.626634958382879, 0.1746031746031746)"
771,"(0.7801724137931034, 0.47959183673469385, 0.3575698680736404)","(0.19458128078817735, 5.626634958382879, 0.1746031746031746)"
772,"(0.7801724137931034, 0.47959183673469385, 0.3575698680736404)","(0.19458128078817735, 5.626634958382879, 0.1746031746031746)"
773,"(0.7801724137931034, 0.47959183673469385, 0.3575698680736404)","(0.19458128078817735, 5.626634958382879, 0.1746031746031746)"
774,"(0.7780172413793104, 0.47715736040609136, 0.35247742385405295)","(0.19704433497536947, 5.560047562425684, 0.17195767195767195)"
775,"(0.7780172413793104, 0.47715736040609136, 0.35247742385405295)","(0.19704433497536947, 5.560047562425684, 0.17195767195767195)"
776,"(0.7780172413793104, 0.47715736040609136, 0.35247742385405295)","(0.19704433497536947, 5.560047562425684, 0.17195767195767195)"
777,"(0.7780172413793104, 0.47715736040609136, 0.35247742385405295)","(0.19704433497536947, 5.560047562425684, 0.17195767195767195)"
778,"(0.7780172413793104, 0.47715736040609136, 0.35247742385405295)","(0.19704433497536947, 5.560047562425684, 0.17195767195767195)"
779,"(0.7780172413793104, 0.47715736040609136, 0.35247742385405295)","(0.19704433497536947, 5.560047562425684, 0.17195767195767195)"
780,"(0.7780172413793104, 0.47715736040609136, 0.35247742385405295)","(0.19704433497536947, 5.560047562425684, 0.17195767195767195)"
781,"(0.7758620689655172, 0.47474747474747475, 0.3474551338873736)","(0.19950738916256158, 5.759809750297266, 0.1693121693121693)"
782,"(0.7758620689655172, 0.47474747474747475, 0.3474551338873736)","(0.19950738916256158, 5.759809750297266, 0.1693121693121693)"
783,"(0.7758620689655172, 0.47474747474747475, 0.3474551338873736)","(0.19950738916256158, 5.759809750297266, 0.1693121693121693)"
784,"(0.7758620689655172, 0.47474747474747475, 0.3474551338873736)","(0.19950738916256158, 5.759809750297266, 0.1693121693121693)"
785,"(0.7758620689655172, 0.47474747474747475, 0.3474551338873736)","(0.19950738916256158, 5.759809750297266, 0.1693121693121693)"
786,"(0.7758620689655172, 0.47474747474747475, 0.3474551338873736)","(0.19950738916256158, 5.759809750297266, 0.1693121693121693)"
787,"(0.7758620689655172, 0.47474747474747475, 0.3474551338873736)","(0.19950738916256158, 5.759809750297266, 0.1693121693121693)"
788,"(0.7758620689655172, 0.47474747474747475, 0.3474551338873736)","(0.19950738916256158, 5.759809750297266, 0.1693121693121693)"
789,"(0.7758620689655172, 0.47474747474747475, 0.3474551338873736)","(0.19950738916256158, 5.759809750297266, 0.1693121693121693)"
790,"(0.7758620689655172, 0.47474747474747475, 0.3474551338873736)","(0.19950738916256158, 5.759809750297266, 0.1693121693121693)"
791,"(0.7758620689655172, 0.47474747474747475, 0.3474551338873736)","(0.19950738916256158, 5.759809750297266, 0.1693121693121693)"
792,"(0.7758620689655172, 0.47474747474747475, 0.3474551338873736)","(0.19950738916256158, 5.759809750297266, 0.1693121693121693)"
793,"(0.7758620689655172, 0.47474747474747475, 0.3474551338873736)","(0.19950738916256158, 5.759809750297266, 0.1693121693121693)"
794,"(0.7758620689655172, 0.47474747474747475, 0.3474551338873736)","(0.19950738916256158, 5.759809750297266, 0.1693121693121693)"
795,"(0.7758620689655172, 0.47474747474747475, 0.3474551338873736)","(0.19950738916256158, 5.759809750297266, 0.1693121693121693)"
796,"(0.7758620689655172, 0.47474747474747475, 0.3474551338873736)","(0.19950738916256158, 5.759809750297266, 0.1693121693121693)"
797,"(0.7758620689655172, 0.47474747474747475, 0.3474551338873736)","(0.19950738916256158, 5.759809750297266, 0.1693121693121693)"
798,"(0.7758620689655172, 0.47474747474747475, 0.3474551338873736)","(0.19950738916256158, 5.759809750297266, 0.1693121693121693)"
799,"(0.7758620689655172, 0.47474747474747475, 0.3474551338873736)","(0.19950738916256158, 5.759809750297266, 0.1693121693121693)"
800,"(0.7758620689655172, 0.47474747474747475, 0.3474551338873736)","(0.19950738916256158, 5.759809750297266, 0.1693121693121693)"
801,"(0.7758620689655172, 0.47474747474747475, 0.3474551338873736)","(0.19950738916256158, 5.759809750297266, 0.1693121693121693)"
802,"(0.7758620689655172, 0.47474747474747475, 0.3474551338873736)","(0.19950738916256158, 5.759809750297266, 0.1693121693121693)"
803,"(0.7758620689655172, 0.47474747474747475, 0.3474551338873736)","(0.19950738916256158, 5.759809750297266, 0.1693121693121693)"
804,"(0.7758620689655172, 0.47474747474747475, 0.3474551338873736)","(0.19950738916256158, 5.759809750297266, 0.1693121693121693)"
805,"(0.7758620689655172, 0.47474747474747475, 0.3474551338873736)","(0.19950738916256158, 5.759809750297266, 0.1693121693121693)"
806,"(0.7758620689655172, 0.47474747474747475, 0.3474551338873736)","(0.19950738916256158, 5.759809750297266, 0.1693121693121693)"
807,"(0.7758620689655172, 0.47474747474747475, 0.3474551338873736)","(0.19950738916256158, 5.759809750297266, 0.1693121693121693)"
808,"(0.7758620689655172, 0.47474747474747475, 0.3474551338873736)","(0.19950738916256158, 5.759809750297266, 0.1693121693121693)"
809,"(0.7758620689655172, 0.47474747474747475, 0.3474551338873736)","(0.19950738916256158, 5.759809750297266, 0.1693121693121693)"
810,"(0.7758620689655172, 0.47474747474747475, 0.3474551338873736)","(0.19950738916256158, 5.759809750297266, 0.1693121693121693)"
811,"(0.7758620689655172, 0.47474747474747475, 0.3474551338873736)","(0.19950738916256158, 5.759809750297266, 0.1693121693121693)"
812,"(0.7758620689655172, 0.47474747474747475, 0.3474551338873736)","(0.19950738916256158, 5.759809750297266, 0.1693121693121693)"
813,"(0.7758620689655172, 0.47474747474747475, 0.3474551338873736)","(0.19950738916256158, 5.759809750297266, 0.1693121693121693)"
814,"(0.7758620689655172, 0.47474747474747475, 0.3474551338873736)","(0.19950738916256158, 5.759809750297266, 0.1693121693121693)"
815,"(0.7758620689655172, 0.47474747474747475, 0.3474551338873736)","(0.19950738916256158, 5.759809750297266, 0.1693121693121693)"
816,"(0.7737068965517241, 0.4723618090452261, 0.342500839042189)","(0.2019704433497537, 5.881093935790725, 0.20502645502645503)"
817,"(0.7737068965517241, 0.4723618090452261, 0.342500839042189)","(0.2019704433497537, 5.881093935790725, 0.20502645502645503)"
818,"(0.7737068965517241, 0.4723618090452261, 0.342500839042189)","(0.2019704433497537, 5.881093935790725, 0.20502645502645503)"
819,"(0.7737068965517241, 0.4723618090452261, 0.342500839042189)","(0.2019704433497537, 5.881093935790725, 0.20502645502645503)"
820,"(0.7737068965517241, 0.4723618090452261, 0.342500839042189)","(0.2019704433497537, 5.881093935790725, 0.20502645502645503)"
821,"(0.7737068965517241, 0.4723618090452261, 0.342500839042189)","(0.2019704433497537, 5.881093935790725, 0.20502645502645503)"
822,"(0.7758620689655172, 0.47474747474747475, 0.3474551338873736)","(0.19950738916256158, 6.104637336504162, 0.20767195767195767)"
823,"(0.7758620689655172, 0.47474747474747475, 0.3474551338873736)","(0.19950738916256158, 6.104637336504162, 0.20767195767195767)"
824,"(0.7758620689655172, 0.47474747474747475, 0.3474551338873736)","(0.19950738916256158, 6.104637336504162, 0.20767195767195767)"
825,"(0.7758620689655172, 0.47474747474747475, 0.3474551338873736)","(0.19950738916256158, 6.104637336504162, 0.20767195767195767)"
826,"(0.7758620689655172, 0.47474747474747475, 0.3474551338873736)","(0.19950738916256158, 6.104637336504162, 0.20767195767195767)"
827,"(0.7758620689655172, 0.47474747474747475, 0.3474551338873736)","(0.19950738916256158, 6.104637336504162, 0.20767195767195767)"
828,"(0.7758620689655172, 0.47474747474747475, 0.3474551338873736)","(0.19950738916256158, 6.104637336504162, 0.20767195767195767)"
829,"(0.7758620689655172, 0.47474747474747475, 0.3474551338873736)","(0.19950738916256158, 6.104637336504162, 0.20767195767195767)"
830,"(0.7758620689655172, 0.47474747474747475, 0.3474551338873736)","(0.19950738916256158, 6.104637336504162, 0.20767195767195767)"
831,"(0.7758620689655172, 0.47474747474747475, 0.3474551338873736)","(0.19950738916256158, 6.104637336504162, 0.20767195767195767)"
832,"(0.7758620689655172, 0.47474747474747475, 0.3474551338873736)","(0.19950738916256158, 6.104637336504162, 0.20767195767195767)"
833,"(0.7758620689655172, 0.47474747474747475, 0.3474551338873736)","(0.19950738916256158, 6.104637336504162, 0.20767195767195767)"
834,"(0.7758620689655172, 0.47474747474747475, 0.3474551338873736)","(0.19950738916256158, 6.104637336504162, 0.20767195767195767)"
835,"(0.7758620689655172, 0.47474747474747475, 0.3474551338873736)","(0.19950738916256158, 6.104637336504162, 0.20767195767195767)"
836,"(0.7758620689655172, 0.47474747474747475, 0.3474551338873736)","(0.19950738916256158, 6.104637336504162, 0.20767195767195767)"
837,"(0.7758620689655172, 0.47474747474747475, 0.3474551338873736)","(0.19950738916256158, 6.104637336504162, 0.20767195767195767)"
838,"(0.7758620689655172, 0.47474747474747475, 0.3474551338873736)","(0.19950738916256158, 6.104637336504162, 0.20767195767195767)"
839,"(0.7758620689655172, 0.47474747474747475, 0.3474551338873736)","(0.19950738916256158, 6.104637336504162, 0.20767195767195767)"
840,"(0.7758620689655172, 0.47474747474747475, 0.3474551338873736)","(0.19950738916256158, 6.104637336504162, 0.20767195767195767)"
841,"(0.7758620689655172, 0.47474747474747475, 0.3474551338873736)","(0.19950738916256158, 6.104637336504162, 0.20767195767195767)"
842,"(0.7758620689655172, 0.47474747474747475, 0.3474551338873736)","(0.19950738916256158, 6.104637336504162, 0.20767195767195767)"
843,"(0.7758620689655172, 0.47474747474747475, 0.3474551338873736)","(0.19950738916256158, 6.104637336504162, 0.20767195767195767)"
844,"(0.7758620689655172, 0.47474747474747475, 0.3474551338873736)","(0.19950738916256158, 6.104637336504162, 0.20767195767195767)"
845,"(0.7758620689655172, 0.47474747474747475, 0.3474551338873736)","(0.19950738916256158, 6.104637336504162, 0.20767195767195767)"
846,"(0.7758620689655172, 0.47474747474747475, 0.3474551338873736)","(0.19950738916256158, 6.104637336504162, 0.20767195767195767)"
847,"(0.7737068965517241, 0.4723618090452261, 0.342500839042189)","(0.2019704433497537, 6.639714625445899, 0.24338624338624337)"
848,"(0.7737068965517241, 0.4723618090452261, 0.342500839042189)","(0.2019704433497537, 6.639714625445899, 0.24338624338624337)"
849,"(0.7737068965517241, 0.4723618090452261, 0.342500839042189)","(0.2019704433497537, 6.639714625445899, 0.24338624338624337)"
850,"(0.7737068965517241, 0.4723618090452261, 0.342500839042189)","(0.2019704433497537, 6.639714625445899, 0.24338624338624337)"
851,"(0.7737068965517241, 0.4723618090452261, 0.342500839042189)","(0.2019704433497537, 6.639714625445899, 0.24338624338624337)"
852,"(0.771551724137931, 0.47, 0.33761246927906113)","(0.2044334975369458, 6.958382877526753, 0.24074074074074073)"
853,"(0.771551724137931, 0.47, 0.33761246927906113)","(0.2044334975369458, 6.958382877526753, 0.24074074074074073)"
854,"(0.771551724137931, 0.47, 0.33761246927906113)","(0.2044334975369458, 6.958382877526753, 0.24074074074074073)"
855,"(0.771551724137931, 0.47, 0.33761246927906113)","(0.2044334975369458, 6.958382877526753, 0.24074074074074073)"
856,"(0.771551724137931, 0.47, 0.33761246927906113)","(0.2044334975369458, 6.958382877526753, 0.24074074074074073)"
857,"(0.771551724137931, 0.47, 0.33761246927906113)","(0.2044334975369458, 6.958382877526753, 0.24074074074074073)"
858,"(0.771551724137931, 0.47, 0.33761246927906113)","(0.2044334975369458, 6.958382877526753, 0.24074074074074073)"
859,"(0.771551724137931, 0.47, 0.33761246927906113)","(0.2044334975369458, 6.958382877526753, 0.24074074074074073)"
860,"(0.771551724137931, 0.47, 0.33761246927906113)","(0.2044334975369458, 6.958382877526753, 0.24074074074074073)"
861,"(0.771551724137931, 0.47, 0.33761246927906113)","(0.2044334975369458, 6.958382877526753, 0.24074074074074073)"
862,"(0.771551724137931, 0.47, 0.33761246927906113)","(0.2044334975369458, 6.958382877526753, 0.24074074074074073)"
863,"(0.771551724137931, 0.47, 0.33761246927906113)","(0.2044334975369458, 6.958382877526753, 0.24074074074074073)"
864,"(0.771551724137931, 0.47, 0.33761246927906113)","(0.2044334975369458, 6.958382877526753, 0.24074074074074073)"
865,"(0.771551724137931, 0.47, 0.33761246927906113)","(0.2044334975369458, 6.958382877526753, 0.24074074074074073)"
866,"(0.771551724137931, 0.47, 0.33761246927906113)","(0.2044334975369458, 6.958382877526753, 0.24074074074074073)"
867,"(0.771551724137931, 0.47, 0.33761246927906113)","(0.2044334975369458, 6.958382877526753, 0.24074074074074073)"
868,"(0.771551724137931, 0.47, 0.33761246927906113)","(0.2044334975369458, 6.958382877526753, 0.24074074074074073)"
869,"(0.771551724137931, 0.47, 0.33761246927906113)","(0.2044334975369458, 6.958382877526753, 0.24074074074074073)"
870,"(0.7693965517241379, 0.46766169154228854, 0.33278803890050535)","(0.20689655172413793, 7.405469678953626, 0.23809523809523808)"
871,"(0.7693965517241379, 0.46766169154228854, 0.33278803890050535)","(0.20689655172413793, 7.405469678953626, 0.23809523809523808)"
872,"(0.7693965517241379, 0.46766169154228854, 0.33278803890050535)","(0.20689655172413793, 7.405469678953626, 0.23809523809523808)"
873,"(0.7693965517241379, 0.46766169154228854, 0.33278803890050535)","(0.20689655172413793, 7.405469678953626, 0.23809523809523808)"
874,"(0.7693965517241379, 0.46766169154228854, 0.33278803890050535)","(0.20689655172413793, 7.405469678953626, 0.23809523809523808)"
875,"(0.7693965517241379, 0.46766169154228854, 0.33278803890050535)","(0.20689655172413793, 7.405469678953626, 0.23809523809523808)"
876,"(0.7693965517241379, 0.46766169154228854, 0.33278803890050535)","(0.20689655172413793, 7.405469678953626, 0.23809523809523808)"
877,"(0.7693965517241379, 0.46766169154228854, 0.33278803890050535)","(0.20689655172413793, 7.405469678953626, 0.23809523809523808)"
878,"(0.7672413793103449, 0.46534653465346537, 0.3280256421071982)","(0.20935960591133004, 7.153388822829964, 0.23544973544973544)"
879,"(0.7672413793103449, 0.46534653465346537, 0.3280256421071982)","(0.20935960591133004, 7.153388822829964, 0.23544973544973544)"
880,"(0.7672413793103449, 0.46534653465346537, 0.3280256421071982)","(0.20935960591133004, 7.153388822829964, 0.23544973544973544)"
881,"(0.7650862068965517, 0.4630541871921182, 0.32332344883730224)","(0.21182266009852216, 7.305588585017835, 0.2328042328042328)"
882,"(0.7650862068965517, 0.4630541871921182, 0.32332344883730224)","(0.21182266009852216, 7.305588585017835, 0.2328042328042328)"
883,"(0.7650862068965517, 0.4630541871921182, 0.32332344883730224)","(0.21182266009852216, 7.305588585017835, 0.2328042328042328)"
884,"(0.7650862068965517, 0.4630541871921182, 0.32332344883730224)","(0.21182266009852216, 7.305588585017835, 0.2328042328042328)"
885,"(0.7650862068965517, 0.4630541871921182, 0.32332344883730224)","(0.21182266009852216, 7.305588585017835, 0.2328042328042328)"
886,"(0.7650862068965517, 0.4630541871921182, 0.32332344883730224)","(0.21182266009852216, 7.305588585017835, 0.2328042328042328)"
887,"(0.7650862068965517, 0.4630541871921182, 0.32332344883730224)","(0.21182266009852216, 7.305588585017835, 0.2328042328042328)"
888,"(0.7650862068965517, 0.4630541871921182, 0.32332344883730224)","(0.21182266009852216, 7.305588585017835, 0.2328042328042328)"
889,"(0.7650862068965517, 0.4630541871921182, 0.32332344883730224)","(0.21182266009852216, 7.305588585017835, 0.2328042328042328)"
890,"(0.7650862068965517, 0.4630541871921182, 0.32332344883730224)","(0.21182266009852216, 7.305588585017835, 0.2328042328042328)"
891,"(0.7650862068965517, 0.4630541871921182, 0.32332344883730224)","(0.21182266009852216, 7.305588585017835, 0.2328042328042328)"
892,"(0.7650862068965517, 0.4630541871921182, 0.32332344883730224)","(0.21182266009852216, 7.305588585017835, 0.2328042328042328)"
893,"(0.7650862068965517, 0.4630541871921182, 0.32332344883730224)","(0.21182266009852216, 7.305588585017835, 0.2328042328042328)"
894,"(0.7650862068965517, 0.4630541871921182, 0.32332344883730224)","(0.21182266009852216, 7.305588585017835, 0.2328042328042328)"
895,"(0.7650862068965517, 0.4630541871921182, 0.32332344883730224)","(0.21182266009852216, 7.305588585017835, 0.2328042328042328)"
896,"(0.7650862068965517, 0.4630541871921182, 0.32332344883730224)","(0.21182266009852216, 7.305588585017835, 0.2328042328042328)"
897,"(0.7650862068965517, 0.4630541871921182, 0.32332344883730224)","(0.21182266009852216, 7.305588585017835, 0.2328042328042328)"
898,"(0.7650862068965517, 0.4630541871921182, 0.32332344883730224)","(0.21182266009852216, 7.305588585017835, 0.2328042328042328)"
899,"(0.7650862068965517, 0.4630541871921182, 0.32332344883730224)","(0.21182266009852216, 7.305588585017835, 0.2328042328042328)"
900,"(0.7650862068965517, 0.4630541871921182, 0.32332344883730224)","(0.21182266009852216, 7.305588585017835, 0.2328042328042328)"
901,"(0.7650862068965517, 0.4630541871921182, 0.32332344883730224)","(0.21182266009852216, 7.305588585017835, 0.2328042328042328)"
902,"(0.7650862068965517, 0.4630541871921182, 0.32332344883730224)","(0.21182266009852216, 7.305588585017835, 0.2328042328042328)"
903,"(0.7650862068965517, 0.4630541871921182, 0.32332344883730224)","(0.21182266009852216, 7.305588585017835, 0.2328042328042328)"
904,"(0.7650862068965517, 0.4630541871921182, 0.32332344883730224)","(0.21182266009852216, 7.305588585017835, 0.2328042328042328)"
905,"(0.7650862068965517, 0.4630541871921182, 0.32332344883730224)","(0.21182266009852216, 7.305588585017835, 0.2328042328042328)"
906,"(0.7629310344827587, 0.46078431372549017, 0.31867970086778363)","(0.21428571428571427, 7.517241379310345, 0.23015873015873015)"
907,"(0.7629310344827587, 0.46078431372549017, 0.31867970086778363)","(0.21428571428571427, 7.517241379310345, 0.23015873015873015)"
908,"(0.7629310344827587, 0.46078431372549017, 0.31867970086778363)","(0.21428571428571427, 7.517241379310345, 0.23015873015873015)"
909,"(0.7629310344827587, 0.46078431372549017, 0.31867970086778363)","(0.21428571428571427, 7.517241379310345, 0.23015873015873015)"
910,"(0.7629310344827587, 0.46078431372549017, 0.31867970086778363)","(0.21428571428571427, 7.517241379310345, 0.23015873015873015)"
911,"(0.7629310344827587, 0.46078431372549017, 0.31867970086778363)","(0.21428571428571427, 7.517241379310345, 0.23015873015873015)"
912,"(0.7629310344827587, 0.46078431372549017, 0.31867970086778363)","(0.21428571428571427, 7.517241379310345, 0.23015873015873015)"
913,"(0.7629310344827587, 0.46078431372549017, 0.31867970086778363)","(0.21428571428571427, 7.517241379310345, 0.23015873015873015)"
914,"(0.7650862068965517, 0.4682926829268293, 0.3267524559507502)","(0.21674876847290642, 7.581450653983354, 0.2275132275132275)"
915,"(0.7650862068965517, 0.4682926829268293, 0.3267524559507502)","(0.21674876847290642, 7.581450653983354, 0.2275132275132275)"
916,"(0.7650862068965517, 0.4682926829268293, 0.3267524559507502)","(0.21674876847290642, 7.581450653983354, 0.2275132275132275)"
917,"(0.7650862068965517, 0.4682926829268293, 0.3267524559507502)","(0.21674876847290642, 7.581450653983354, 0.2275132275132275)"
918,"(0.7650862068965517, 0.4682926829268293, 0.3267524559507502)","(0.21674876847290642, 7.581450653983354, 0.2275132275132275)"
919,"(0.7650862068965517, 0.4682926829268293, 0.3267524559507502)","(0.21674876847290642, 7.581450653983354, 0.2275132275132275)"
920,"(0.7650862068965517, 0.4682926829268293, 0.3267524559507502)","(0.21674876847290642, 7.581450653983354, 0.2275132275132275)"
921,"(0.7650862068965517, 0.4682926829268293, 0.3267524559507502)","(0.21674876847290642, 7.581450653983354, 0.2275132275132275)"
922,"(0.7650862068965517, 0.4682926829268293, 0.3267524559507502)","(0.21674876847290642, 7.581450653983354, 0.2275132275132275)"
923,"(0.7650862068965517, 0.4682926829268293, 0.3267524559507502)","(0.21674876847290642, 7.581450653983354, 0.2275132275132275)"
924,"(0.7629310344827587, 0.46601941747572817, 0.32216604351416284)","(0.21921182266009853, 7.429250891795482, 0.22486772486772486)"
925,"(0.7629310344827587, 0.46601941747572817, 0.32216604351416284)","(0.21921182266009853, 7.429250891795482, 0.22486772486772486)"
926,"(0.7629310344827587, 0.46601941747572817, 0.32216604351416284)","(0.21921182266009853, 7.429250891795482, 0.22486772486772486)"
927,"(0.7629310344827587, 0.46601941747572817, 0.32216604351416284)","(0.21921182266009853, 7.429250891795482, 0.22486772486772486)"
928,"(0.7629310344827587, 0.46601941747572817, 0.32216604351416284)","(0.21921182266009853, 7.429250891795482, 0.22486772486772486)"
929,"(0.7629310344827587, 0.46601941747572817, 0.32216604351416284)","(0.21921182266009853, 7.429250891795482, 0.22486772486772486)"
930,"(0.7629310344827587, 0.46601941747572817, 0.32216604351416284)","(0.21921182266009853, 7.429250891795482, 0.22486772486772486)"
931,"(0.7650862068965517, 0.47342995169082125, 0.3301859896985347)","(0.22167487684729065, 7.474435196195005, 0.2222222222222222)"
932,"(0.7650862068965517, 0.47342995169082125, 0.3301859896985347)","(0.22167487684729065, 7.474435196195005, 0.2222222222222222)"
933,"(0.7650862068965517, 0.47342995169082125, 0.3301859896985347)","(0.22167487684729065, 7.474435196195005, 0.2222222222222222)"
934,"(0.7650862068965517, 0.47342995169082125, 0.3301859896985347)","(0.22167487684729065, 7.474435196195005, 0.2222222222222222)"
935,"(0.7650862068965517, 0.47342995169082125, 0.3301859896985347)","(0.22167487684729065, 7.474435196195005, 0.2222222222222222)"
936,"(0.7650862068965517, 0.47342995169082125, 0.3301859896985347)","(0.22167487684729065, 7.474435196195005, 0.2222222222222222)"
937,"(0.7650862068965517, 0.47342995169082125, 0.3301859896985347)","(0.22167487684729065, 7.474435196195005, 0.2222222222222222)"
938,"(0.7650862068965517, 0.47342995169082125, 0.3301859896985347)","(0.22167487684729065, 7.474435196195005, 0.2222222222222222)"
939,"(0.7650862068965517, 0.47342995169082125, 0.3301859896985347)","(0.22167487684729065, 7.474435196195005, 0.2222222222222222)"
940,"(0.7650862068965517, 0.47342995169082125, 0.3301859896985347)","(0.22167487684729065, 7.474435196195005, 0.2222222222222222)"
941,"(0.7650862068965517, 0.47342995169082125, 0.3301859896985347)","(0.22167487684729065, 7.474435196195005, 0.2222222222222222)"
942,"(0.7650862068965517, 0.47342995169082125, 0.3301859896985347)","(0.22167487684729065, 7.474435196195005, 0.2222222222222222)"
943,"(0.7650862068965517, 0.47342995169082125, 0.3301859896985347)","(0.22167487684729065, 7.474435196195005, 0.2222222222222222)"
944,"(0.7650862068965517, 0.47342995169082125, 0.3301859896985347)","(0.22167487684729065, 7.474435196195005, 0.2222222222222222)"
945,"(0.7672413793103449, 0.4807692307692308, 0.338154170878315)","(0.22413793103448276, 7.648038049940547, 0.21957671957671956)"
946,"(0.7672413793103449, 0.4807692307692308, 0.338154170878315)","(0.22413793103448276, 7.648038049940547, 0.21957671957671956)"
947,"(0.7672413793103449, 0.4807692307692308, 0.338154170878315)","(0.22413793103448276, 7.648038049940547, 0.21957671957671956)"
948,"(0.7672413793103449, 0.4807692307692308, 0.338154170878315)","(0.22413793103448276, 7.648038049940547, 0.21957671957671956)"
949,"(0.7672413793103449, 0.4807692307692308, 0.338154170878315)","(0.22413793103448276, 7.648038049940547, 0.21957671957671956)"
950,"(0.7672413793103449, 0.4807692307692308, 0.338154170878315)","(0.22413793103448276, 7.648038049940547, 0.21957671957671956)"
951,"(0.7672413793103449, 0.4807692307692308, 0.338154170878315)","(0.22413793103448276, 7.648038049940547, 0.21957671957671956)"
952,"(0.7672413793103449, 0.4807692307692308, 0.338154170878315)","(0.22413793103448276, 7.648038049940547, 0.21957671957671956)"
953,"(0.7672413793103449, 0.4807692307692308, 0.338154170878315)","(0.22413793103448276, 7.648038049940547, 0.21957671957671956)"
954,"(0.7672413793103449, 0.4807692307692308, 0.338154170878315)","(0.22413793103448276, 7.648038049940547, 0.21957671957671956)"
955,"(0.7693965517241379, 0.4880382775119617, 0.34607215587206275)","(0.22660098522167488, 7.674197384066587, 0.21693121693121692)"
956,"(0.771551724137931, 0.49523809523809526, 0.3539414607738143)","(0.229064039408867, 7.621878715814506, 0.21428571428571427)"
957,"(0.771551724137931, 0.49523809523809526, 0.3539414607738143)","(0.229064039408867, 7.621878715814506, 0.21428571428571427)"
958,"(0.771551724137931, 0.49523809523809526, 0.3539414607738143)","(0.229064039408867, 7.621878715814506, 0.21428571428571427)"
959,"(0.7693965517241379, 0.4928909952606635, 0.34941558262751937)","(0.2315270935960591, 7.8359096313912024, 0.21164021164021163)"
960,"(0.7693965517241379, 0.4928909952606635, 0.34941558262751937)","(0.2315270935960591, 7.8359096313912024, 0.21164021164021163)"
961,"(0.7693965517241379, 0.4928909952606635, 0.34941558262751937)","(0.2315270935960591, 7.8359096313912024, 0.21164021164021163)"
962,"(0.7693965517241379, 0.4928909952606635, 0.34941558262751937)","(0.2315270935960591, 7.8359096313912024, 0.21164021164021163)"
963,"(0.7693965517241379, 0.4928909952606635, 0.34941558262751937)","(0.2315270935960591, 7.8359096313912024, 0.21164021164021163)"
964,"(0.7693965517241379, 0.4928909952606635, 0.34941558262751937)","(0.2315270935960591, 7.8359096313912024, 0.21164021164021163)"
965,"(0.7693965517241379, 0.4928909952606635, 0.34941558262751937)","(0.2315270935960591, 7.8359096313912024, 0.21164021164021163)"
966,"(0.7693965517241379, 0.4928909952606635, 0.34941558262751937)","(0.2315270935960591, 7.8359096313912024, 0.21164021164021163)"
967,"(0.7693965517241379, 0.4928909952606635, 0.34941558262751937)","(0.2315270935960591, 7.8359096313912024, 0.21164021164021163)"
968,"(0.7693965517241379, 0.4928909952606635, 0.34941558262751937)","(0.2315270935960591, 7.8359096313912024, 0.21164021164021163)"
969,"(0.7693965517241379, 0.4928909952606635, 0.34941558262751937)","(0.2315270935960591, 7.8359096313912024, 0.21164021164021163)"
970,"(0.7672413793103449, 0.49056603773584906, 0.34494096642071703)","(0.23399014778325122, 7.557669441141497, 0.20899470899470898)"
971,"(0.7672413793103449, 0.49056603773584906, 0.34494096642071703)","(0.23399014778325122, 7.557669441141497, 0.20899470899470898)"
972,"(0.7650862068965517, 0.48826291079812206, 0.34051624085770066)","(0.23645320197044334, 7.821640903686091, 0.20634920634920634)"
973,"(0.7650862068965517, 0.48826291079812206, 0.34051624085770066)","(0.23645320197044334, 7.821640903686091, 0.20634920634920634)"
974,"(0.7650862068965517, 0.48826291079812206, 0.34051624085770066)","(0.23645320197044334, 7.821640903686091, 0.20634920634920634)"
975,"(0.7650862068965517, 0.48826291079812206, 0.34051624085770066)","(0.23645320197044334, 7.821640903686091, 0.20634920634920634)"
976,"(0.7650862068965517, 0.48826291079812206, 0.34051624085770066)","(0.23645320197044334, 7.821640903686091, 0.20634920634920634)"
977,"(0.7650862068965517, 0.48826291079812206, 0.34051624085770066)","(0.23645320197044334, 7.821640903686091, 0.20634920634920634)"
978,"(0.7650862068965517, 0.48826291079812206, 0.34051624085770066)","(0.23645320197044334, 7.821640903686091, 0.20634920634920634)"
979,"(0.7650862068965517, 0.48826291079812206, 0.34051624085770066)","(0.23645320197044334, 7.821640903686091, 0.20634920634920634)"
980,"(0.7650862068965517, 0.48826291079812206, 0.34051624085770066)","(0.23645320197044334, 7.821640903686091, 0.20634920634920634)"
981,"(0.7650862068965517, 0.48826291079812206, 0.34051624085770066)","(0.23645320197044334, 7.821640903686091, 0.20634920634920634)"
982,"(0.7650862068965517, 0.48826291079812206, 0.34051624085770066)","(0.23645320197044334, 7.821640903686091, 0.20634920634920634)"
983,"(0.7629310344827587, 0.48598130841121495, 0.33614008272108453)","(0.23891625615763548, 8.145065398335317, 0.2037037037037037)"
984,"(0.7650862068965517, 0.48826291079812206, 0.34051624085770066)","(0.23645320197044334, 7.821640903686091, 0.20634920634920634)"
985,"(0.7629310344827587, 0.48598130841121495, 0.33614008272108453)","(0.23891625615763548, 8.145065398335317, 0.2037037037037037)"
986,"(0.7629310344827587, 0.48598130841121495, 0.33614008272108453)","(0.23891625615763548, 8.145065398335317, 0.2037037037037037)"
987,"(0.7629310344827587, 0.48598130841121495, 0.33614008272108453)","(0.23891625615763548, 8.145065398335317, 0.2037037037037037)"
988,"(0.7629310344827587, 0.48598130841121495, 0.33614008272108453)","(0.23891625615763548, 8.145065398335317, 0.2037037037037037)"
989,"(0.7650862068965517, 0.4930232558139535, 0.34397046310067786)","(0.2413793103448276, 8.114149821640906, 0.20105820105820105)"
990,"(0.7650862068965517, 0.4930232558139535, 0.34397046310067786)","(0.2413793103448276, 8.114149821640906, 0.20105820105820105)"
991,"(0.7629310344827587, 0.49074074074074076, 0.3396426462208417)","(0.2438423645320197, 8.00475624256837, 0.1984126984126984)"
992,"(0.7629310344827587, 0.49074074074074076, 0.3396426462208417)","(0.2438423645320197, 8.00475624256837, 0.1984126984126984)"
993,"(0.7629310344827587, 0.49074074074074076, 0.3396426462208417)","(0.2438423645320197, 8.00475624256837, 0.1984126984126984)"
994,"(0.7629310344827587, 0.49074074074074076, 0.3396426462208417)","(0.2438423645320197, 8.00475624256837, 0.1984126984126984)"
995,"(0.7629310344827587, 0.49074074074074076, 0.3396426462208417)","(0.2438423645320197, 8.00475624256837, 0.1984126984126984)"
996,"(0.7629310344827587, 0.49074074074074076, 0.3396426462208417)","(0.2438423645320197, 8.00475624256837, 0.1984126984126984)"
997,"(0.7629310344827587, 0.49074074074074076, 0.3396426462208417)","(0.2438423645320197, 8.00475624256837, 0.1984126984126984)"
998,"(0.7629310344827587, 0.49074074074074076, 0.3396426462208417)","(0.2438423645320197, 8.00475624256837, 0.1984126984126984)"
999,"(0.7629310344827587, 0.49074074074074076, 0.3396426462208417)","(0.2438423645320197, 8.00475624256837, 0.1984126984126984)"
1000,"(0.7629310344827587, 0.49074074074074076, 0.3396426462208417)","(0.2438423645320197, 8.00475624256837, 0.1984126984126984)"
1001,"(0.7629310344827587, 0.49074074074074076, 0.3396426462208417)","(0.2438423645320197, 8.00475624256837, 0.1984126984126984)"
1002,"(0.7629310344827587, 0.49074074074074076, 0.3396426462208417)","(0.2438423645320197, 8.00475624256837, 0.1984126984126984)"
1003,"(0.7629310344827587, 0.49074074074074076, 0.3396426462208417)","(0.2438423645320197, 8.00475624256837, 0.1984126984126984)"
1004,"(0.7629310344827587, 0.49074074074074076, 0.3396426462208417)","(0.2438423645320197, 8.00475624256837, 0.1984126984126984)"
1005,"(0.7629310344827587, 0.49074074074074076, 0.3396426462208417)","(0.2438423645320197, 8.00475624256837, 0.1984126984126984)"
1006,"(0.7629310344827587, 0.49074074074074076, 0.3396426462208417)","(0.2438423645320197, 8.00475624256837, 0.1984126984126984)"
1007,"(0.7629310344827587, 0.49074074074074076, 0.3396426462208417)","(0.2438423645320197, 8.00475624256837, 0.1984126984126984)"
1008,"(0.7629310344827587, 0.49074074074074076, 0.3396426462208417)","(0.2438423645320197, 8.00475624256837, 0.1984126984126984)"
1009,"(0.7629310344827587, 0.49074074074074076, 0.3396426462208417)","(0.2438423645320197, 8.00475624256837, 0.1984126984126984)"
1010,"(0.7629310344827587, 0.49074074074074076, 0.3396426462208417)","(0.2438423645320197, 8.00475624256837, 0.1984126984126984)"
1011,"(0.7629310344827587, 0.49074074074074076, 0.3396426462208417)","(0.2438423645320197, 8.00475624256837, 0.1984126984126984)"
1012,"(0.7629310344827587, 0.49074074074074076, 0.3396426462208417)","(0.2438423645320197, 8.00475624256837, 0.1984126984126984)"
1013,"(0.7607758620689655, 0.48847926267281105, 0.3353605218340204)","(0.24630541871921183, 8.230677764565991, 0.23412698412698413)"
1014,"(0.7607758620689655, 0.48847926267281105, 0.3353605218340204)","(0.24630541871921183, 8.230677764565991, 0.23412698412698413)"
1015,"(0.7607758620689655, 0.48847926267281105, 0.3353605218340204)","(0.24630541871921183, 8.230677764565991, 0.23412698412698413)"
1016,"(0.7607758620689655, 0.48847926267281105, 0.3353605218340204)","(0.24630541871921183, 8.230677764565991, 0.23412698412698413)"
1017,"(0.7607758620689655, 0.48847926267281105, 0.3353605218340204)","(0.24630541871921183, 8.230677764565991, 0.23412698412698413)"
1018,"(0.7607758620689655, 0.48847926267281105, 0.3353605218340204)","(0.24630541871921183, 8.230677764565991, 0.23412698412698413)"
1019,"(0.7629310344827587, 0.4954128440366973, 0.3431496138328604)","(0.24876847290640394, 8.72294887039239, 0.23148148148148148)"
1020,"(0.7629310344827587, 0.4954128440366973, 0.3431496138328604)","(0.24876847290640394, 8.72294887039239, 0.23148148148148148)"
1021,"(0.7629310344827587, 0.4954128440366973, 0.3431496138328604)","(0.24876847290640394, 8.72294887039239, 0.23148148148148148)"
1022,"(0.7629310344827587, 0.4954128440366973, 0.3431496138328604)","(0.24876847290640394, 8.72294887039239, 0.23148148148148148)"
1023,"(0.7629310344827587, 0.4954128440366973, 0.3431496138328604)","(0.24876847290640394, 8.72294887039239, 0.23148148148148148)"
1024,"(0.7629310344827587, 0.4954128440366973, 0.3431496138328604)","(0.24876847290640394, 8.72294887039239, 0.23148148148148148)"
1025,"(0.7629310344827587, 0.4954128440366973, 0.3431496138328604)","(0.24876847290640394, 8.72294887039239, 0.23148148148148148)"
1026,"(0.7629310344827587, 0.4954128440366973, 0.3431496138328604)","(0.24876847290640394, 8.72294887039239, 0.23148148148148148)"
1027,"(0.7629310344827587, 0.4954128440366973, 0.3431496138328604)","(0.24876847290640394, 8.72294887039239, 0.23148148148148148)"
1028,"(0.7629310344827587, 0.4954128440366973, 0.3431496138328604)","(0.24876847290640394, 8.72294887039239, 0.23148148148148148)"
1029,"(0.7629310344827587, 0.4954128440366973, 0.3431496138328604)","(0.24876847290640394, 8.72294887039239, 0.23148148148148148)"
1030,"(0.7629310344827587, 0.4954128440366973, 0.3431496138328604)","(0.24876847290640394, 8.72294887039239, 0.23148148148148148)"
1031,"(0.7650862068965517, 0.502283105022831, 0.3508969318199191)","(0.2512315270935961, 8.585017835909632, 0.22883597883597884)"
1032,"(0.7650862068965517, 0.502283105022831, 0.3508969318199191)","(0.2512315270935961, 8.585017835909632, 0.22883597883597884)"
1033,"(0.7650862068965517, 0.502283105022831, 0.3508969318199191)","(0.2512315270935961, 8.585017835909632, 0.22883597883597884)"
1034,"(0.7650862068965517, 0.502283105022831, 0.3508969318199191)","(0.2512315270935961, 8.585017835909632, 0.22883597883597884)"
1035,"(0.7650862068965517, 0.502283105022831, 0.3508969318199191)","(0.2512315270935961, 8.585017835909632, 0.22883597883597884)"
1036,"(0.7650862068965517, 0.502283105022831, 0.3508969318199191)","(0.2512315270935961, 8.585017835909632, 0.22883597883597884)"
1037,"(0.7650862068965517, 0.502283105022831, 0.3508969318199191)","(0.2512315270935961, 8.585017835909632, 0.22883597883597884)"
1038,"(0.7650862068965517, 0.502283105022831, 0.3508969318199191)","(0.2512315270935961, 8.585017835909632, 0.22883597883597884)"
1039,"(0.7650862068965517, 0.502283105022831, 0.3508969318199191)","(0.2512315270935961, 8.585017835909632, 0.22883597883597884)"
1040,"(0.7650862068965517, 0.502283105022831, 0.3508969318199191)","(0.2512315270935961, 8.585017835909632, 0.22883597883597884)"
1041,"(0.7650862068965517, 0.502283105022831, 0.3508969318199191)","(0.2512315270935961, 8.585017835909632, 0.22883597883597884)"
1042,"(0.7650862068965517, 0.502283105022831, 0.3508969318199191)","(0.2512315270935961, 8.585017835909632, 0.22883597883597884)"
1043,"(0.7650862068965517, 0.502283105022831, 0.3508969318199191)","(0.2512315270935961, 8.585017835909632, 0.22883597883597884)"
1044,"(0.7650862068965517, 0.502283105022831, 0.3508969318199191)","(0.2512315270935961, 8.585017835909632, 0.22883597883597884)"
1045,"(0.7650862068965517, 0.502283105022831, 0.3508969318199191)","(0.2512315270935961, 8.585017835909632, 0.22883597883597884)"
1046,"(0.7650862068965517, 0.502283105022831, 0.3508969318199191)","(0.2512315270935961, 8.585017835909632, 0.22883597883597884)"
1047,"(0.7650862068965517, 0.502283105022831, 0.3508969318199191)","(0.2512315270935961, 8.585017835909632, 0.22883597883597884)"
1048,"(0.7650862068965517, 0.502283105022831, 0.3508969318199191)","(0.2512315270935961, 8.585017835909632, 0.22883597883597884)"
1049,"(0.7650862068965517, 0.502283105022831, 0.3508969318199191)","(0.2512315270935961, 8.585017835909632, 0.22883597883597884)"
1050,"(0.7650862068965517, 0.502283105022831, 0.3508969318199191)","(0.2512315270935961, 8.585017835909632, 0.22883597883597884)"
1051,"(0.7650862068965517, 0.502283105022831, 0.3508969318199191)","(0.2512315270935961, 8.585017835909632, 0.22883597883597884)"
1052,"(0.7650862068965517, 0.502283105022831, 0.3508969318199191)","(0.2512315270935961, 8.585017835909632, 0.22883597883597884)"
1053,"(0.7650862068965517, 0.502283105022831, 0.3508969318199191)","(0.2512315270935961, 8.585017835909632, 0.22883597883597884)"
1054,"(0.7650862068965517, 0.502283105022831, 0.3508969318199191)","(0.2512315270935961, 8.585017835909632, 0.22883597883597884)"
1055,"(0.7629310344827587, 0.5, 0.3466613878263521)","(0.2536945812807882, 8.920332936979788, 0.2261904761904762)"
1056,"(0.7650862068965517, 0.502283105022831, 0.3508969318199191)","(0.2512315270935961, 8.585017835909632, 0.22883597883597884)"
1057,"(0.7650862068965517, 0.502283105022831, 0.3508969318199191)","(0.2512315270935961, 8.585017835909632, 0.22883597883597884)"
1058,"(0.7629310344827587, 0.5, 0.3466613878263521)","(0.2536945812807882, 8.920332936979788, 0.2261904761904762)"
1059,"(0.7629310344827587, 0.5, 0.3466613878263521)","(0.2536945812807882, 8.920332936979788, 0.2261904761904762)"
1060,"(0.7629310344827587, 0.5, 0.3466613878263521)","(0.2536945812807882, 8.920332936979788, 0.2261904761904762)"
1061,"(0.7629310344827587, 0.5, 0.3466613878263521)","(0.2536945812807882, 8.920332936979788, 0.2261904761904762)"
1062,"(0.7629310344827587, 0.5, 0.3466613878263521)","(0.2536945812807882, 8.920332936979788, 0.2261904761904762)"
1063,"(0.7629310344827587, 0.5, 0.3466613878263521)","(0.2536945812807882, 8.920332936979788, 0.2261904761904762)"
1064,"(0.7629310344827587, 0.5, 0.3466613878263521)","(0.2536945812807882, 8.920332936979788, 0.2261904761904762)"
1065,"(0.7629310344827587, 0.5, 0.3466613878263521)","(0.2536945812807882, 8.920332936979788, 0.2261904761904762)"
1066,"(0.7629310344827587, 0.5, 0.3466613878263521)","(0.2536945812807882, 8.920332936979788, 0.2261904761904762)"
1067,"(0.7629310344827587, 0.5, 0.3466613878263521)","(0.2536945812807882, 8.920332936979788, 0.2261904761904762)"
1068,"(0.7629310344827587, 0.5, 0.3466613878263521)","(0.2536945812807882, 8.920332936979788, 0.2261904761904762)"
1069,"(0.7629310344827587, 0.5, 0.3466613878263521)","(0.2536945812807882, 8.920332936979788, 0.2261904761904762)"
1070,"(0.7650862068965517, 0.5067873303167421, 0.35436982675051387)","(0.2561576354679803, 8.763376932223542, 0.22354497354497355)"
1071,"(0.7650862068965517, 0.5067873303167421, 0.35436982675051387)","(0.2561576354679803, 8.763376932223542, 0.22354497354497355)"
1072,"(0.7650862068965517, 0.5067873303167421, 0.35436982675051387)","(0.2561576354679803, 8.763376932223542, 0.22354497354497355)"
1073,"(0.7650862068965517, 0.5067873303167421, 0.35436982675051387)","(0.2561576354679803, 8.763376932223542, 0.22354497354497355)"
1074,"(0.7650862068965517, 0.5067873303167421, 0.35436982675051387)","(0.2561576354679803, 8.763376932223542, 0.22354497354497355)"
1075,"(0.7650862068965517, 0.5067873303167421, 0.35436982675051387)","(0.2561576354679803, 8.763376932223542, 0.22354497354497355)"
1076,"(0.7650862068965517, 0.5067873303167421, 0.35436982675051387)","(0.2561576354679803, 8.763376932223542, 0.22354497354497355)"
1077,"(0.7650862068965517, 0.5067873303167421, 0.35436982675051387)","(0.2561576354679803, 8.763376932223542, 0.22354497354497355)"
1078,"(0.7650862068965517, 0.5067873303167421, 0.35436982675051387)","(0.2561576354679803, 8.763376932223542, 0.22354497354497355)"
1079,"(0.7650862068965517, 0.5067873303167421, 0.35436982675051387)","(0.2561576354679803, 8.763376932223542, 0.22354497354497355)"
1080,"(0.7650862068965517, 0.5067873303167421, 0.35436982675051387)","(0.2561576354679803, 8.763376932223542, 0.22354497354497355)"
1081,"(0.7650862068965517, 0.5067873303167421, 0.35436982675051387)","(0.2561576354679803, 8.763376932223542, 0.22354497354497355)"
1082,"(0.7650862068965517, 0.5067873303167421, 0.35436982675051387)","(0.2561576354679803, 8.763376932223542, 0.22354497354497355)"
1083,"(0.7650862068965517, 0.5067873303167421, 0.35436982675051387)","(0.2561576354679803, 8.763376932223542, 0.22354497354497355)"
1084,"(0.7650862068965517, 0.5067873303167421, 0.35436982675051387)","(0.2561576354679803, 8.763376932223542, 0.22354497354497355)"
1085,"(0.7650862068965517, 0.5067873303167421, 0.35436982675051387)","(0.2561576354679803, 8.763376932223542, 0.22354497354497355)"
1086,"(0.7650862068965517, 0.5067873303167421, 0.35436982675051387)","(0.2561576354679803, 8.763376932223542, 0.22354497354497355)"
1087,"(0.7650862068965517, 0.5067873303167421, 0.35436982675051387)","(0.2561576354679803, 8.763376932223542, 0.22354497354497355)"
1088,"(0.7650862068965517, 0.5067873303167421, 0.35436982675051387)","(0.2561576354679803, 8.763376932223542, 0.22354497354497355)"
1089,"(0.7650862068965517, 0.5067873303167421, 0.35436982675051387)","(0.2561576354679803, 8.763376932223542, 0.22354497354497355)"
1090,"(0.7650862068965517, 0.5067873303167421, 0.35436982675051387)","(0.2561576354679803, 8.763376932223542, 0.22354497354497355)"
1091,"(0.7650862068965517, 0.5067873303167421, 0.35436982675051387)","(0.2561576354679803, 8.763376932223542, 0.22354497354497355)"
1092,"(0.7650862068965517, 0.5067873303167421, 0.35436982675051387)","(0.2561576354679803, 8.763376932223542, 0.22354497354497355)"
1093,"(0.7650862068965517, 0.5067873303167421, 0.35436982675051387)","(0.2561576354679803, 8.763376932223542, 0.22354497354497355)"
1094,"(0.7650862068965517, 0.5067873303167421, 0.35436982675051387)","(0.2561576354679803, 8.763376932223542, 0.22354497354497355)"
1095,"(0.7650862068965517, 0.5067873303167421, 0.35436982675051387)","(0.2561576354679803, 8.763376932223542, 0.22354497354497355)"
1096,"(0.7650862068965517, 0.5067873303167421, 0.35436982675051387)","(0.2561576354679803, 8.763376932223542, 0.22354497354497355)"
1097,"(0.7650862068965517, 0.5067873303167421, 0.35436982675051387)","(0.2561576354679803, 8.763376932223542, 0.22354497354497355)"
1098,"(0.7650862068965517, 0.5067873303167421, 0.35436982675051387)","(0.2561576354679803, 8.763376932223542, 0.22354497354497355)"
1099,"(0.7650862068965517, 0.5067873303167421, 0.35436982675051387)","(0.2561576354679803, 8.763376932223542, 0.22354497354497355)"
1100,"(0.7650862068965517, 0.5067873303167421, 0.35436982675051387)","(0.2561576354679803, 8.763376932223542, 0.22354497354497355)"
1101,"(0.7629310344827587, 0.5045045045045045, 0.3501783754277531)","(0.25862068965517243, 8.872770511296075, 0.2208994708994709)"
1102,"(0.7629310344827587, 0.5045045045045045, 0.3501783754277531)","(0.25862068965517243, 8.872770511296075, 0.2208994708994709)"
1103,"(0.7629310344827587, 0.5045045045045045, 0.3501783754277531)","(0.25862068965517243, 8.872770511296075, 0.2208994708994709)"
1104,"(0.7629310344827587, 0.5045045045045045, 0.3501783754277531)","(0.25862068965517243, 8.872770511296075, 0.2208994708994709)"
1105,"(0.7629310344827587, 0.5045045045045045, 0.3501783754277531)","(0.25862068965517243, 8.872770511296075, 0.2208994708994709)"
1106,"(0.7629310344827587, 0.5045045045045045, 0.3501783754277531)","(0.25862068965517243, 8.872770511296075, 0.2208994708994709)"
1107,"(0.7629310344827587, 0.5045045045045045, 0.3501783754277531)","(0.25862068965517243, 8.872770511296075, 0.2208994708994709)"
1108,"(0.7629310344827587, 0.5045045045045045, 0.3501783754277531)","(0.25862068965517243, 8.872770511296075, 0.2208994708994709)"
1109,"(0.7629310344827587, 0.5045045045045045, 0.3501783754277531)","(0.25862068965517243, 8.872770511296075, 0.2208994708994709)"
1110,"(0.7629310344827587, 0.5045045045045045, 0.3501783754277531)","(0.25862068965517243, 8.872770511296075, 0.2208994708994709)"
1111,"(0.7629310344827587, 0.5045045045045045, 0.3501783754277531)","(0.25862068965517243, 8.872770511296075, 0.2208994708994709)"
1112,"(0.7629310344827587, 0.5045045045045045, 0.3501783754277531)","(0.25862068965517243, 8.872770511296075, 0.2208994708994709)"
1113,"(0.7607758620689655, 0.5022421524663677, 0.3460282942582553)","(0.26108374384236455, 9.179548156956008, 0.21825396825396826)"
1114,"(0.7607758620689655, 0.5022421524663677, 0.3460282942582553)","(0.26108374384236455, 9.179548156956008, 0.21825396825396826)"
1115,"(0.7607758620689655, 0.5022421524663677, 0.3460282942582553)","(0.26108374384236455, 9.179548156956008, 0.21825396825396826)"
1116,"(0.7607758620689655, 0.5022421524663677, 0.3460282942582553)","(0.26108374384236455, 9.179548156956008, 0.21825396825396826)"
1117,"(0.7607758620689655, 0.5022421524663677, 0.3460282942582553)","(0.26108374384236455, 9.179548156956008, 0.21825396825396826)"
1118,"(0.7607758620689655, 0.5022421524663677, 0.3460282942582553)","(0.26108374384236455, 9.179548156956008, 0.21825396825396826)"
1119,"(0.7607758620689655, 0.5022421524663677, 0.3460282942582553)","(0.26108374384236455, 9.179548156956008, 0.21825396825396826)"
1120,"(0.7607758620689655, 0.5022421524663677, 0.3460282942582553)","(0.26108374384236455, 9.179548156956008, 0.21825396825396826)"
1121,"(0.7607758620689655, 0.5022421524663677, 0.3460282942582553)","(0.26108374384236455, 9.179548156956008, 0.21825396825396826)"
1122,"(0.7607758620689655, 0.5022421524663677, 0.3460282942582553)","(0.26108374384236455, 9.179548156956008, 0.21825396825396826)"
1123,"(0.7607758620689655, 0.5022421524663677, 0.3460282942582553)","(0.26108374384236455, 9.179548156956008, 0.21825396825396826)"
1124,"(0.7607758620689655, 0.5022421524663677, 0.3460282942582553)","(0.26108374384236455, 9.179548156956008, 0.21825396825396826)"
1125,"(0.7607758620689655, 0.5022421524663677, 0.3460282942582553)","(0.26108374384236455, 9.179548156956008, 0.21825396825396826)"
1126,"(0.7586206896551724, 0.5, 0.3419185732268639)","(0.26354679802955666, 9.131985731272293, 0.2156084656084656)"
1127,"(0.7586206896551724, 0.5, 0.3419185732268639)","(0.26354679802955666, 9.131985731272293, 0.2156084656084656)"
1128,"(0.7586206896551724, 0.5, 0.3419185732268639)","(0.26354679802955666, 9.131985731272293, 0.2156084656084656)"
1129,"(0.7586206896551724, 0.5, 0.3419185732268639)","(0.26354679802955666, 9.131985731272293, 0.2156084656084656)"
1130,"(0.7586206896551724, 0.5, 0.3419185732268639)","(0.26354679802955666, 9.131985731272293, 0.2156084656084656)"
1131,"(0.7586206896551724, 0.5, 0.3419185732268639)","(0.26354679802955666, 9.131985731272293, 0.2156084656084656)"
1132,"(0.7586206896551724, 0.5, 0.3419185732268639)","(0.26354679802955666, 9.131985731272293, 0.2156084656084656)"
1133,"(0.7586206896551724, 0.5, 0.3419185732268639)","(0.26354679802955666, 9.131985731272293, 0.2156084656084656)"
1134,"(0.7586206896551724, 0.5, 0.3419185732268639)","(0.26354679802955666, 9.131985731272293, 0.2156084656084656)"
1135,"(0.7586206896551724, 0.5, 0.3419185732268639)","(0.26354679802955666, 9.131985731272293, 0.2156084656084656)"
1136,"(0.7586206896551724, 0.5, 0.3419185732268639)","(0.26354679802955666, 9.131985731272293, 0.2156084656084656)"
1137,"(0.7586206896551724, 0.5, 0.3419185732268639)","(0.26354679802955666, 9.131985731272293, 0.2156084656084656)"
1138,"(0.7586206896551724, 0.5, 0.3419185732268639)","(0.26354679802955666, 9.131985731272293, 0.2156084656084656)"
1139,"(0.7586206896551724, 0.5, 0.3419185732268639)","(0.26354679802955666, 9.131985731272293, 0.2156084656084656)"
1140,"(0.7586206896551724, 0.5, 0.3419185732268639)","(0.26354679802955666, 9.131985731272293, 0.2156084656084656)"
1141,"(0.7586206896551724, 0.5, 0.3419185732268639)","(0.26354679802955666, 9.131985731272293, 0.2156084656084656)"
1142,"(0.7586206896551724, 0.5, 0.3419185732268639)","(0.26354679802955666, 9.131985731272293, 0.2156084656084656)"
1143,"(0.7586206896551724, 0.5, 0.3419185732268639)","(0.26354679802955666, 9.131985731272293, 0.2156084656084656)"
1144,"(0.7586206896551724, 0.5, 0.3419185732268639)","(0.26354679802955666, 9.131985731272293, 0.2156084656084656)"
1145,"(0.7586206896551724, 0.5, 0.3419185732268639)","(0.26354679802955666, 9.131985731272293, 0.2156084656084656)"
1146,"(0.7586206896551724, 0.5, 0.3419185732268639)","(0.26354679802955666, 9.131985731272293, 0.2156084656084656)"
1147,"(0.7586206896551724, 0.5, 0.3419185732268639)","(0.26354679802955666, 9.131985731272293, 0.2156084656084656)"
1148,"(0.7564655172413793, 0.49777777777777776, 0.33784823389197943)","(0.2660098522167488, 8.799048751486323, 0.21296296296296297)"
1149,"(0.7586206896551724, 0.5, 0.3419185732268639)","(0.26354679802955666, 9.131985731272293, 0.2156084656084656)"
1150,"(0.7564655172413793, 0.49777777777777776, 0.33784823389197943)","(0.2660098522167488, 8.799048751486323, 0.21296296296296297)"
1151,"(0.7564655172413793, 0.49777777777777776, 0.33784823389197943)","(0.2660098522167488, 8.799048751486323, 0.21296296296296297)"
1152,"(0.7564655172413793, 0.49777777777777776, 0.33784823389197943)","(0.2660098522167488, 8.799048751486323, 0.21296296296296297)"
1153,"(0.7543103448275862, 0.49557522123893805, 0.3338163280835464)","(0.2684729064039409, 9.07728894173603, 0.21031746031746032)"
1154,"(0.7543103448275862, 0.49557522123893805, 0.3338163280835464)","(0.2684729064039409, 9.07728894173603, 0.21031746031746032)"
1155,"(0.7543103448275862, 0.49557522123893805, 0.3338163280835464)","(0.2684729064039409, 9.07728894173603, 0.21031746031746032)"
1156,"(0.7543103448275862, 0.49557522123893805, 0.3338163280835464)","(0.2684729064039409, 9.07728894173603, 0.21031746031746032)"
1157,"(0.7543103448275862, 0.49557522123893805, 0.3338163280835464)","(0.2684729064039409, 9.07728894173603, 0.21031746031746032)"
1158,"(0.7543103448275862, 0.49557522123893805, 0.3338163280835464)","(0.2684729064039409, 9.07728894173603, 0.21031746031746032)"
1159,"(0.7543103448275862, 0.49557522123893805, 0.3338163280835464)","(0.2684729064039409, 9.07728894173603, 0.21031746031746032)"
1160,"(0.7543103448275862, 0.49557522123893805, 0.3338163280835464)","(0.2684729064039409, 9.07728894173603, 0.21031746031746032)"
1161,"(0.7543103448275862, 0.49557522123893805, 0.3338163280835464)","(0.2684729064039409, 9.07728894173603, 0.21031746031746032)"
1162,"(0.7543103448275862, 0.49557522123893805, 0.3338163280835464)","(0.2684729064039409, 9.07728894173603, 0.21031746031746032)"
1163,"(0.7543103448275862, 0.49557522123893805, 0.3338163280835464)","(0.2684729064039409, 9.07728894173603, 0.21031746031746032)"
1164,"(0.7543103448275862, 0.49557522123893805, 0.3338163280835464)","(0.2684729064039409, 9.07728894173603, 0.21031746031746032)"
1165,"(0.7543103448275862, 0.49557522123893805, 0.3338163280835464)","(0.2684729064039409, 9.07728894173603, 0.21031746031746032)"
1166,"(0.7543103448275862, 0.49557522123893805, 0.3338163280835464)","(0.2684729064039409, 9.07728894173603, 0.21031746031746032)"
1167,"(0.7543103448275862, 0.49557522123893805, 0.3338163280835464)","(0.2684729064039409, 9.07728894173603, 0.21031746031746032)"
1168,"(0.7543103448275862, 0.49557522123893805, 0.3338163280835464)","(0.2684729064039409, 9.07728894173603, 0.21031746031746032)"
1169,"(0.7543103448275862, 0.49557522123893805, 0.3338163280835464)","(0.2684729064039409, 9.07728894173603, 0.21031746031746032)"
1170,"(0.7521551724137931, 0.4933920704845815, 0.32982193666574205)","(0.270935960591133, 9.139120095124854, 0.20767195767195767)"
1171,"(0.7521551724137931, 0.4933920704845815, 0.32982193666574205)","(0.270935960591133, 9.139120095124854, 0.20767195767195767)"
1172,"(0.7521551724137931, 0.4933920704845815, 0.32982193666574205)","(0.270935960591133, 9.139120095124854, 0.20767195767195767)"
1173,"(0.7521551724137931, 0.4933920704845815, 0.32982193666574205)","(0.270935960591133, 9.139120095124854, 0.20767195767195767)"
1174,"(0.7521551724137931, 0.4933920704845815, 0.32982193666574205)","(0.270935960591133, 9.139120095124854, 0.20767195767195767)"
1175,"(0.7521551724137931, 0.4933920704845815, 0.32982193666574205)","(0.270935960591133, 9.139120095124854, 0.20767195767195767)"
1176,"(0.7521551724137931, 0.4933920704845815, 0.32982193666574205)","(0.270935960591133, 9.139120095124854, 0.20767195767195767)"
1177,"(0.7521551724137931, 0.4933920704845815, 0.32982193666574205)","(0.270935960591133, 9.139120095124854, 0.20767195767195767)"
1178,"(0.7521551724137931, 0.4933920704845815, 0.32982193666574205)","(0.270935960591133, 9.139120095124854, 0.20767195767195767)"
1179,"(0.7521551724137931, 0.4933920704845815, 0.32982193666574205)","(0.270935960591133, 9.139120095124854, 0.20767195767195767)"
1180,"(0.7521551724137931, 0.4933920704845815, 0.32982193666574205)","(0.270935960591133, 9.139120095124854, 0.20767195767195767)"
1181,"(0.7521551724137931, 0.4933920704845815, 0.32982193666574205)","(0.270935960591133, 9.139120095124854, 0.20767195767195767)"
1182,"(0.7521551724137931, 0.4933920704845815, 0.32982193666574205)","(0.270935960591133, 9.139120095124854, 0.20767195767195767)"
1183,"(0.7521551724137931, 0.4933920704845815, 0.32982193666574205)","(0.270935960591133, 9.139120095124854, 0.20767195767195767)"
1184,"(0.7521551724137931, 0.4933920704845815, 0.32982193666574205)","(0.270935960591133, 9.139120095124854, 0.20767195767195767)"
1185,"(0.7521551724137931, 0.4933920704845815, 0.32982193666574205)","(0.270935960591133, 9.139120095124854, 0.20767195767195767)"
1186,"(0.7521551724137931, 0.4933920704845815, 0.32982193666574205)","(0.270935960591133, 9.139120095124854, 0.20767195767195767)"
1187,"(0.75, 0.49122807017543857, 0.3258641683605859)","(0.2733990147783251, 9.536266349583828, 0.20502645502645503)"
1188,"(0.75, 0.49122807017543857, 0.3258641683605859)","(0.2733990147783251, 9.536266349583828, 0.20502645502645503)"
1189,"(0.75, 0.49122807017543857, 0.3258641683605859)","(0.2733990147783251, 9.536266349583828, 0.20502645502645503)"
1190,"(0.75, 0.49122807017543857, 0.3258641683605859)","(0.2733990147783251, 9.536266349583828, 0.20502645502645503)"
1191,"(0.75, 0.49122807017543857, 0.3258641683605859)","(0.2733990147783251, 9.536266349583828, 0.20502645502645503)"
1192,"(0.75, 0.49122807017543857, 0.3258641683605859)","(0.2733990147783251, 9.536266349583828, 0.20502645502645503)"
1193,"(0.75, 0.49122807017543857, 0.3258641683605859)","(0.2733990147783251, 9.536266349583828, 0.20502645502645503)"
1194,"(0.75, 0.49122807017543857, 0.3258641683605859)","(0.2733990147783251, 9.536266349583828, 0.20502645502645503)"
1195,"(0.75, 0.49122807017543857, 0.3258641683605859)","(0.2733990147783251, 9.536266349583828, 0.20502645502645503)"
1196,"(0.75, 0.49122807017543857, 0.3258641683605859)","(0.2733990147783251, 9.536266349583828, 0.20502645502645503)"
1197,"(0.75, 0.49122807017543857, 0.3258641683605859)","(0.2733990147783251, 9.536266349583828, 0.20502645502645503)"
1198,"(0.7478448275862069, 0.4845814977973568, 0.3181521655346681)","(0.270935960591133, 9.621878715814509, 0.20767195767195767)"
1199,"(0.7456896551724138, 0.4824561403508772, 0.31423063953706415)","(0.2733990147783251, 9.674197384066586, 0.20502645502645503)"
1200,"(0.7456896551724138, 0.4824561403508772, 0.31423063953706415)","(0.2733990147783251, 9.674197384066586, 0.20502645502645503)"
1201,"(0.7456896551724138, 0.4824561403508772, 0.31423063953706415)","(0.2733990147783251, 9.674197384066586, 0.20502645502645503)"
1202,"(0.7456896551724138, 0.4824561403508772, 0.31423063953706415)","(0.2733990147783251, 9.674197384066586, 0.20502645502645503)"
1203,"(0.7456896551724138, 0.4824561403508772, 0.31423063953706415)","(0.2733990147783251, 9.674197384066586, 0.20502645502645503)"
1204,"(0.7456896551724138, 0.4824561403508772, 0.31423063953706415)","(0.2733990147783251, 9.674197384066586, 0.20502645502645503)"
1205,"(0.7456896551724138, 0.4824561403508772, 0.31423063953706415)","(0.2733990147783251, 9.674197384066586, 0.20502645502645503)"
1206,"(0.7435344827586207, 0.48034934497816595, 0.3103442423553504)","(0.27586206896551724, 9.992865636147444, 0.20238095238095238)"
1207,"(0.7435344827586207, 0.48034934497816595, 0.3103442423553504)","(0.27586206896551724, 9.992865636147444, 0.20238095238095238)"
1208,"(0.7435344827586207, 0.48034934497816595, 0.3103442423553504)","(0.27586206896551724, 9.992865636147444, 0.20238095238095238)"
1209,"(0.7435344827586207, 0.48034934497816595, 0.3103442423553504)","(0.27586206896551724, 9.992865636147444, 0.20238095238095238)"
1210,"(0.7435344827586207, 0.48034934497816595, 0.3103442423553504)","(0.27586206896551724, 9.992865636147444, 0.20238095238095238)"
1211,"(0.7435344827586207, 0.48034934497816595, 0.3103442423553504)","(0.27586206896551724, 9.992865636147444, 0.20238095238095238)"
1212,"(0.7435344827586207, 0.48034934497816595, 0.3103442423553504)","(0.27586206896551724, 9.992865636147444, 0.20238095238095238)"
1213,"(0.7435344827586207, 0.48034934497816595, 0.3103442423553504)","(0.27586206896551724, 9.992865636147444, 0.20238095238095238)"
1214,"(0.7435344827586207, 0.48034934497816595, 0.3103442423553504)","(0.27586206896551724, 9.992865636147444, 0.20238095238095238)"
1215,"(0.7435344827586207, 0.48034934497816595, 0.3103442423553504)","(0.27586206896551724, 9.992865636147444, 0.20238095238095238)"
1216,"(0.7435344827586207, 0.48034934497816595, 0.3103442423553504)","(0.27586206896551724, 9.992865636147444, 0.20238095238095238)"
1217,"(0.7435344827586207, 0.48034934497816595, 0.3103442423553504)","(0.27586206896551724, 9.992865636147444, 0.20238095238095238)"
1218,"(0.7435344827586207, 0.48034934497816595, 0.3103442423553504)","(0.27586206896551724, 9.992865636147444, 0.20238095238095238)"
1219,"(0.7435344827586207, 0.48034934497816595, 0.3103442423553504)","(0.27586206896551724, 9.992865636147444, 0.20238095238095238)"
1220,"(0.7435344827586207, 0.48034934497816595, 0.3103442423553504)","(0.27586206896551724, 9.992865636147444, 0.20238095238095238)"
1221,"(0.7435344827586207, 0.48034934497816595, 0.3103442423553504)","(0.27586206896551724, 9.992865636147444, 0.20238095238095238)"
1222,"(0.7435344827586207, 0.48034934497816595, 0.3103442423553504)","(0.27586206896551724, 9.992865636147444, 0.20238095238095238)"
1223,"(0.7435344827586207, 0.48034934497816595, 0.3103442423553504)","(0.27586206896551724, 9.992865636147444, 0.20238095238095238)"
1224,"(0.7435344827586207, 0.48034934497816595, 0.3103442423553504)","(0.27586206896551724, 9.992865636147444, 0.20238095238095238)"
1225,"(0.7435344827586207, 0.48034934497816595, 0.3103442423553504)","(0.27586206896551724, 9.992865636147444, 0.20238095238095238)"
1226,"(0.7435344827586207, 0.48034934497816595, 0.3103442423553504)","(0.27586206896551724, 9.992865636147444, 0.20238095238095238)"
1227,"(0.7435344827586207, 0.48034934497816595, 0.3103442423553504)","(0.27586206896551724, 9.992865636147444, 0.20238095238095238)"
1228,"(0.7435344827586207, 0.48034934497816595, 0.3103442423553504)","(0.27586206896551724, 9.992865636147444, 0.20238095238095238)"
1229,"(0.7435344827586207, 0.48034934497816595, 0.3103442423553504)","(0.27586206896551724, 9.992865636147444, 0.20238095238095238)"
1230,"(0.7435344827586207, 0.48034934497816595, 0.3103442423553504)","(0.27586206896551724, 9.992865636147444, 0.20238095238095238)"
1231,"(0.7435344827586207, 0.48034934497816595, 0.3103442423553504)","(0.27586206896551724, 9.992865636147444, 0.20238095238095238)"
1232,"(0.7435344827586207, 0.48034934497816595, 0.3103442423553504)","(0.27586206896551724, 9.992865636147444, 0.20238095238095238)"
1233,"(0.7435344827586207, 0.48034934497816595, 0.3103442423553504)","(0.27586206896551724, 9.992865636147444, 0.20238095238095238)"
1234,"(0.7435344827586207, 0.48034934497816595, 0.3103442423553504)","(0.27586206896551724, 9.992865636147444, 0.20238095238095238)"
1235,"(0.7435344827586207, 0.48034934497816595, 0.3103442423553504)","(0.27586206896551724, 9.992865636147444, 0.20238095238095238)"
1236,"(0.7435344827586207, 0.48034934497816595, 0.3103442423553504)","(0.27586206896551724, 9.992865636147444, 0.20238095238095238)"
1237,"(0.7413793103448276, 0.4782608695652174, 0.3064921483021471)","(0.27832512315270935, 9.957193816884663, 0.19973544973544974)"
1238,"(0.7413793103448276, 0.4782608695652174, 0.3064921483021471)","(0.27832512315270935, 9.957193816884663, 0.19973544973544974)"
1239,"(0.7413793103448276, 0.4782608695652174, 0.3064921483021471)","(0.27832512315270935, 9.957193816884663, 0.19973544973544974)"
1240,"(0.7413793103448276, 0.4782608695652174, 0.3064921483021471)","(0.27832512315270935, 9.957193816884663, 0.19973544973544974)"
1241,"(0.7413793103448276, 0.4782608695652174, 0.3064921483021471)","(0.27832512315270935, 9.957193816884663, 0.19973544973544974)"
1242,"(0.7413793103448276, 0.4782608695652174, 0.3064921483021471)","(0.27832512315270935, 9.957193816884663, 0.19973544973544974)"
1243,"(0.7413793103448276, 0.4782608695652174, 0.3064921483021471)","(0.27832512315270935, 9.957193816884663, 0.19973544973544974)"
1244,"(0.7413793103448276, 0.4782608695652174, 0.3064921483021471)","(0.27832512315270935, 9.957193816884663, 0.19973544973544974)"
1245,"(0.7413793103448276, 0.4782608695652174, 0.3064921483021471)","(0.27832512315270935, 9.957193816884663, 0.19973544973544974)"
1246,"(0.7413793103448276, 0.4782608695652174, 0.3064921483021471)","(0.27832512315270935, 9.957193816884663, 0.19973544973544974)"
1247,"(0.7413793103448276, 0.4782608695652174, 0.3064921483021471)","(0.27832512315270935, 9.957193816884663, 0.19973544973544974)"
1248,"(0.7413793103448276, 0.4782608695652174, 0.3064921483021471)","(0.27832512315270935, 9.957193816884663, 0.19973544973544974)"
1249,"(0.7413793103448276, 0.4782608695652174, 0.3064921483021471)","(0.27832512315270935, 9.957193816884663, 0.19973544973544974)"
1250,"(0.7413793103448276, 0.4782608695652174, 0.3064921483021471)","(0.27832512315270935, 9.957193816884663, 0.19973544973544974)"
1251,"(0.7413793103448276, 0.4782608695652174, 0.3064921483021471)","(0.27832512315270935, 9.957193816884663, 0.19973544973544974)"
1252,"(0.7413793103448276, 0.4782608695652174, 0.3064921483021471)","(0.27832512315270935, 9.957193816884663, 0.19973544973544974)"
1253,"(0.7413793103448276, 0.4782608695652174, 0.3064921483021471)","(0.27832512315270935, 9.957193816884663, 0.19973544973544974)"
1254,"(0.7413793103448276, 0.4782608695652174, 0.3064921483021471)","(0.27832512315270935, 9.957193816884663, 0.19973544973544974)"
1255,"(0.7413793103448276, 0.4782608695652174, 0.3064921483021471)","(0.27832512315270935, 9.957193816884663, 0.19973544973544974)"
1256,"(0.7413793103448276, 0.4782608695652174, 0.3064921483021471)","(0.27832512315270935, 9.957193816884663, 0.19973544973544974)"
1257,"(0.7413793103448276, 0.4782608695652174, 0.3064921483021471)","(0.27832512315270935, 9.957193816884663, 0.19973544973544974)"
1258,"(0.7413793103448276, 0.4782608695652174, 0.3064921483021471)","(0.27832512315270935, 9.957193816884663, 0.19973544973544974)"
1259,"(0.7413793103448276, 0.4782608695652174, 0.3064921483021471)","(0.27832512315270935, 9.957193816884663, 0.19973544973544974)"
1260,"(0.7413793103448276, 0.4782608695652174, 0.3064921483021471)","(0.27832512315270935, 9.957193816884663, 0.19973544973544974)"
1261,"(0.7413793103448276, 0.4782608695652174, 0.3064921483021471)","(0.27832512315270935, 9.957193816884663, 0.19973544973544974)"
1262,"(0.7435344827586207, 0.48484848484848486, 0.3142020840854228)","(0.28078817733990147, 9.912009512485138, 0.1970899470899471)"
1263,"(0.7435344827586207, 0.48484848484848486, 0.3142020840854228)","(0.28078817733990147, 9.912009512485138, 0.1970899470899471)"
1264,"(0.7435344827586207, 0.48484848484848486, 0.3142020840854228)","(0.28078817733990147, 9.912009512485138, 0.1970899470899471)"
1265,"(0.7435344827586207, 0.48484848484848486, 0.3142020840854228)","(0.28078817733990147, 9.912009512485138, 0.1970899470899471)"
1266,"(0.7435344827586207, 0.48484848484848486, 0.3142020840854228)","(0.28078817733990147, 9.912009512485138, 0.1970899470899471)"
1267,"(0.7435344827586207, 0.48484848484848486, 0.3142020840854228)","(0.28078817733990147, 9.912009512485138, 0.1970899470899471)"
1268,"(0.7435344827586207, 0.48484848484848486, 0.3142020840854228)","(0.28078817733990147, 9.912009512485138, 0.1970899470899471)"
1269,"(0.7435344827586207, 0.48484848484848486, 0.3142020840854228)","(0.28078817733990147, 9.912009512485138, 0.1970899470899471)"
1270,"(0.7435344827586207, 0.48484848484848486, 0.3142020840854228)","(0.28078817733990147, 9.912009512485138, 0.1970899470899471)"
1271,"(0.7435344827586207, 0.48484848484848486, 0.3142020840854228)","(0.28078817733990147, 9.912009512485138, 0.1970899470899471)"
1272,"(0.7435344827586207, 0.48484848484848486, 0.3142020840854228)","(0.28078817733990147, 9.912009512485138, 0.1970899470899471)"
1273,"(0.7435344827586207, 0.48484848484848486, 0.3142020840854228)","(0.28078817733990147, 9.912009512485138, 0.1970899470899471)"
1274,"(0.7435344827586207, 0.48484848484848486, 0.3142020840854228)","(0.28078817733990147, 9.912009512485138, 0.1970899470899471)"
1275,"(0.7435344827586207, 0.48484848484848486, 0.3142020840854228)","(0.28078817733990147, 9.912009512485138, 0.1970899470899471)"
1276,"(0.7435344827586207, 0.48484848484848486, 0.3142020840854228)","(0.28078817733990147, 9.912009512485138, 0.1970899470899471)"
1277,"(0.7435344827586207, 0.48484848484848486, 0.3142020840854228)","(0.28078817733990147, 9.912009512485138, 0.1970899470899471)"
1278,"(0.7456896551724138, 0.48695652173913045, 0.3180550686056024)","(0.27832512315270935, 9.819262782401905, 0.19973544973544974)"
1279,"(0.7456896551724138, 0.48695652173913045, 0.3180550686056024)","(0.27832512315270935, 9.819262782401905, 0.19973544973544974)"
1280,"(0.7456896551724138, 0.48695652173913045, 0.3180550686056024)","(0.27832512315270935, 9.819262782401905, 0.19973544973544974)"
1281,"(0.7456896551724138, 0.48695652173913045, 0.3180550686056024)","(0.27832512315270935, 9.819262782401905, 0.19973544973544974)"
1282,"(0.7456896551724138, 0.48695652173913045, 0.3180550686056024)","(0.27832512315270935, 9.819262782401905, 0.19973544973544974)"
1283,"(0.7456896551724138, 0.48695652173913045, 0.3180550686056024)","(0.27832512315270935, 9.819262782401905, 0.19973544973544974)"
1284,"(0.7456896551724138, 0.48695652173913045, 0.3180550686056024)","(0.27832512315270935, 9.819262782401905, 0.19973544973544974)"
1285,"(0.7456896551724138, 0.48695652173913045, 0.3180550686056024)","(0.27832512315270935, 9.819262782401905, 0.19973544973544974)"
1286,"(0.7456896551724138, 0.48695652173913045, 0.3180550686056024)","(0.27832512315270935, 9.819262782401905, 0.19973544973544974)"
1287,"(0.7456896551724138, 0.48695652173913045, 0.3180550686056024)","(0.27832512315270935, 9.819262782401905, 0.19973544973544974)"
1288,"(0.7456896551724138, 0.48695652173913045, 0.3180550686056024)","(0.27832512315270935, 9.819262782401905, 0.19973544973544974)"
1289,"(0.7456896551724138, 0.48695652173913045, 0.3180550686056024)","(0.27832512315270935, 9.819262782401905, 0.19973544973544974)"
1290,"(0.7456896551724138, 0.48695652173913045, 0.3180550686056024)","(0.27832512315270935, 9.819262782401905, 0.19973544973544974)"
1291,"(0.7456896551724138, 0.48695652173913045, 0.3180550686056024)","(0.27832512315270935, 9.819262782401905, 0.19973544973544974)"
1292,"(0.7456896551724138, 0.48695652173913045, 0.3180550686056024)","(0.27832512315270935, 9.819262782401905, 0.19973544973544974)"
1293,"(0.7456896551724138, 0.48695652173913045, 0.3180550686056024)","(0.27832512315270935, 9.819262782401905, 0.19973544973544974)"
1294,"(0.7456896551724138, 0.48695652173913045, 0.3180550686056024)","(0.27832512315270935, 9.819262782401905, 0.19973544973544974)"
1295,"(0.7435344827586207, 0.48484848484848486, 0.3142020840854228)","(0.28078817733990147, 9.567181926278241, 0.1970899470899471)"
1296,"(0.7413793103448276, 0.4827586206896552, 0.31038241455754695)","(0.2832512315270936, 9.788347205707492, 0.19444444444444445)"
1297,"(0.7413793103448276, 0.4827586206896552, 0.31038241455754695)","(0.2832512315270936, 9.788347205707492, 0.19444444444444445)"
1298,"(0.7413793103448276, 0.4827586206896552, 0.31038241455754695)","(0.2832512315270936, 9.788347205707492, 0.19444444444444445)"
1299,"(0.7413793103448276, 0.4827586206896552, 0.31038241455754695)","(0.2832512315270936, 9.788347205707492, 0.19444444444444445)"
1300,"(0.7413793103448276, 0.4827586206896552, 0.31038241455754695)","(0.2832512315270936, 9.788347205707492, 0.19444444444444445)"
1301,"(0.7413793103448276, 0.4827586206896552, 0.31038241455754695)","(0.2832512315270936, 9.788347205707492, 0.19444444444444445)"
1302,"(0.7413793103448276, 0.4827586206896552, 0.31038241455754695)","(0.2832512315270936, 9.788347205707492, 0.19444444444444445)"
1303,"(0.7413793103448276, 0.4827586206896552, 0.31038241455754695)","(0.2832512315270936, 9.788347205707492, 0.19444444444444445)"
1304,"(0.7413793103448276, 0.4827586206896552, 0.31038241455754695)","(0.2832512315270936, 9.788347205707492, 0.19444444444444445)"
1305,"(0.7413793103448276, 0.4827586206896552, 0.31038241455754695)","(0.2832512315270936, 9.788347205707492, 0.19444444444444445)"
1306,"(0.7413793103448276, 0.4827586206896552, 0.31038241455754695)","(0.2832512315270936, 9.788347205707492, 0.19444444444444445)"
1307,"(0.7413793103448276, 0.4827586206896552, 0.31038241455754695)","(0.2832512315270936, 9.788347205707492, 0.19444444444444445)"
1308,"(0.7413793103448276, 0.4827586206896552, 0.31038241455754695)","(0.2832512315270936, 9.788347205707492, 0.19444444444444445)"
1309,"(0.7413793103448276, 0.4827586206896552, 0.31038241455754695)","(0.2832512315270936, 9.788347205707492, 0.19444444444444445)"
1310,"(0.7392241379310345, 0.48068669527896996, 0.3065952922851128)","(0.2857142857142857, 10.0, 0.23015873015873015)"
1311,"(0.7392241379310345, 0.48068669527896996, 0.3065952922851128)","(0.2857142857142857, 10.0, 0.23015873015873015)"
1312,"(0.7392241379310345, 0.48068669527896996, 0.3065952922851128)","(0.2857142857142857, 10.0, 0.23015873015873015)"
1313,"(0.7392241379310345, 0.48068669527896996, 0.3065952922851128)","(0.2857142857142857, 10.0, 0.23015873015873015)"
1314,"(0.7349137931034483, 0.4765957446808511, 0.29911572720535046)","(0.29064039408866993, 10.532699167657551, 0.26322751322751325)"
1315,"(0.7349137931034483, 0.4765957446808511, 0.29911572720535046)","(0.29064039408866993, 10.532699167657551, 0.26322751322751325)"
1316,"(0.7349137931034483, 0.4765957446808511, 0.29911572720535046)","(0.29064039408866993, 10.532699167657551, 0.26322751322751325)"
1317,"(0.7349137931034483, 0.4765957446808511, 0.29911572720535046)","(0.29064039408866993, 10.532699167657551, 0.26322751322751325)"
1318,"(0.7349137931034483, 0.4765957446808511, 0.29911572720535046)","(0.29064039408866993, 10.532699167657551, 0.26322751322751325)"
1319,"(0.7349137931034483, 0.4765957446808511, 0.29911572720535046)","(0.29064039408866993, 10.532699167657551, 0.26322751322751325)"
1320,"(0.7349137931034483, 0.4765957446808511, 0.29911572720535046)","(0.29064039408866993, 10.532699167657551, 0.26322751322751325)"
1321,"(0.7349137931034483, 0.4765957446808511, 0.29911572720535046)","(0.29064039408866993, 10.532699167657551, 0.26322751322751325)"
1322,"(0.7349137931034483, 0.4765957446808511, 0.29911572720535046)","(0.29064039408866993, 10.532699167657551, 0.26322751322751325)"
1323,"(0.7327586206896551, 0.4745762711864407, 0.2954218550984248)","(0.29310344827586204, 10.715814506539836, 0.2605820105820106)"
1324,"(0.7327586206896551, 0.4745762711864407, 0.2954218550984248)","(0.29310344827586204, 10.715814506539836, 0.2605820105820106)"
1325,"(0.7327586206896551, 0.4745762711864407, 0.2954218550984248)","(0.29310344827586204, 10.715814506539836, 0.2605820105820106)"
1326,"(0.7327586206896551, 0.4745762711864407, 0.2954218550984248)","(0.29310344827586204, 10.715814506539836, 0.2605820105820106)"
1327,"(0.7306034482758621, 0.47257383966244726, 0.2917576700870898)","(0.2955665024630542, 10.889417360285375, 0.25793650793650796)"
1328,"(0.7306034482758621, 0.47257383966244726, 0.2917576700870898)","(0.2955665024630542, 10.889417360285375, 0.25793650793650796)"
1329,"(0.7306034482758621, 0.47257383966244726, 0.2917576700870898)","(0.2955665024630542, 10.889417360285375, 0.25793650793650796)"
1330,"(0.7327586206896551, 0.4745762711864407, 0.2954218550984248)","(0.29310344827586204, 10.715814506539836, 0.2605820105820106)"
1331,"(0.7306034482758621, 0.47257383966244726, 0.2917576700870898)","(0.2955665024630542, 10.889417360285375, 0.25793650793650796)"
1332,"(0.7306034482758621, 0.47257383966244726, 0.2917576700870898)","(0.2955665024630542, 10.889417360285375, 0.25793650793650796)"
1333,"(0.7306034482758621, 0.47257383966244726, 0.2917576700870898)","(0.2955665024630542, 10.889417360285375, 0.25793650793650796)"
1334,"(0.7306034482758621, 0.47257383966244726, 0.2917576700870898)","(0.2955665024630542, 10.889417360285375, 0.25793650793650796)"
1335,"(0.7306034482758621, 0.47257383966244726, 0.2917576700870898)","(0.2955665024630542, 10.889417360285375, 0.25793650793650796)"
1336,"(0.7306034482758621, 0.47257383966244726, 0.2917576700870898)","(0.2955665024630542, 10.889417360285375, 0.25793650793650796)"
1337,"(0.7306034482758621, 0.47257383966244726, 0.2917576700870898)","(0.2955665024630542, 10.889417360285375, 0.25793650793650796)"
1338,"(0.7306034482758621, 0.47257383966244726, 0.2917576700870898)","(0.2955665024630542, 10.889417360285375, 0.25793650793650796)"
1339,"(0.7306034482758621, 0.47257383966244726, 0.2917576700870898)","(0.2955665024630542, 10.889417360285375, 0.25793650793650796)"
1340,"(0.7306034482758621, 0.47257383966244726, 0.2917576700870898)","(0.2955665024630542, 10.889417360285375, 0.25793650793650796)"
1341,"(0.7306034482758621, 0.47257383966244726, 0.2917576700870898)","(0.2955665024630542, 10.889417360285375, 0.25793650793650796)"
1342,"(0.7306034482758621, 0.47257383966244726, 0.2917576700870898)","(0.2955665024630542, 10.889417360285375, 0.25793650793650796)"
1343,"(0.7306034482758621, 0.47257383966244726, 0.2917576700870898)","(0.2955665024630542, 10.889417360285375, 0.25793650793650796)"
1344,"(0.7306034482758621, 0.47257383966244726, 0.2917576700870898)","(0.2955665024630542, 10.889417360285375, 0.25793650793650796)"
1345,"(0.7306034482758621, 0.47257383966244726, 0.2917576700870898)","(0.2955665024630542, 10.889417360285375, 0.25793650793650796)"
1346,"(0.7306034482758621, 0.47257383966244726, 0.2917576700870898)","(0.2955665024630542, 10.889417360285375, 0.25793650793650796)"
1347,"(0.7306034482758621, 0.47257383966244726, 0.2917576700870898)","(0.2955665024630542, 10.889417360285375, 0.25793650793650796)"
1348,"(0.7306034482758621, 0.47257383966244726, 0.2917576700870898)","(0.2955665024630542, 10.889417360285375, 0.25793650793650796)"
1349,"(0.7306034482758621, 0.47257383966244726, 0.2917576700870898)","(0.2955665024630542, 10.889417360285375, 0.25793650793650796)"
1350,"(0.7306034482758621, 0.47257383966244726, 0.2917576700870898)","(0.2955665024630542, 10.889417360285375, 0.25793650793650796)"
1351,"(0.7306034482758621, 0.47257383966244726, 0.2917576700870898)","(0.2955665024630542, 10.889417360285375, 0.25793650793650796)"
1352,"(0.7327586206896551, 0.4789915966386555, 0.2994262044723916)","(0.29802955665024633, 10.915576694411413, 0.2552910052910053)"
1353,"(0.7306034482758621, 0.4769874476987448, 0.29578943701947236)","(0.30049261083743845, 11.27705112960761, 0.291005291005291)"
1354,"(0.7306034482758621, 0.4769874476987448, 0.29578943701947236)","(0.30049261083743845, 11.27705112960761, 0.291005291005291)"
1355,"(0.7306034482758621, 0.4769874476987448, 0.29578943701947236)","(0.30049261083743845, 11.27705112960761, 0.291005291005291)"
1356,"(0.7306034482758621, 0.4769874476987448, 0.29578943701947236)","(0.30049261083743845, 11.27705112960761, 0.291005291005291)"
1357,"(0.7306034482758621, 0.4769874476987448, 0.29578943701947236)","(0.30049261083743845, 11.27705112960761, 0.291005291005291)"
1358,"(0.7306034482758621, 0.4769874476987448, 0.29578943701947236)","(0.30049261083743845, 11.27705112960761, 0.291005291005291)"
1359,"(0.7306034482758621, 0.4769874476987448, 0.29578943701947236)","(0.30049261083743845, 11.27705112960761, 0.291005291005291)"
1360,"(0.7306034482758621, 0.4769874476987448, 0.29578943701947236)","(0.30049261083743845, 11.27705112960761, 0.291005291005291)"
1361,"(0.7306034482758621, 0.4769874476987448, 0.29578943701947236)","(0.30049261083743845, 11.27705112960761, 0.291005291005291)"
1362,"(0.7306034482758621, 0.4769874476987448, 0.29578943701947236)","(0.30049261083743845, 11.27705112960761, 0.291005291005291)"
1363,"(0.7306034482758621, 0.4769874476987448, 0.29578943701947236)","(0.30049261083743845, 11.27705112960761, 0.291005291005291)"
1364,"(0.7306034482758621, 0.4769874476987448, 0.29578943701947236)","(0.30049261083743845, 11.27705112960761, 0.291005291005291)"
1365,"(0.7306034482758621, 0.4769874476987448, 0.29578943701947236)","(0.30049261083743845, 11.27705112960761, 0.291005291005291)"
1366,"(0.7306034482758621, 0.4769874476987448, 0.29578943701947236)","(0.30049261083743845, 11.27705112960761, 0.291005291005291)"
1367,"(0.7306034482758621, 0.4769874476987448, 0.29578943701947236)","(0.30049261083743845, 11.27705112960761, 0.291005291005291)"
1368,"(0.7327586206896551, 0.4789915966386555, 0.2994262044723916)","(0.29802955665024633, 10.915576694411413, 0.2552910052910053)"
1369,"(0.7327586206896551, 0.4789915966386555, 0.2994262044723916)","(0.29802955665024633, 10.915576694411413, 0.2552910052910053)"
1370,"(0.7327586206896551, 0.4789915966386555, 0.2994262044723916)","(0.29802955665024633, 10.915576694411413, 0.2552910052910053)"
1371,"(0.7327586206896551, 0.4789915966386555, 0.2994262044723916)","(0.29802955665024633, 10.915576694411413, 0.2552910052910053)"
1372,"(0.7327586206896551, 0.4789915966386555, 0.2994262044723916)","(0.29802955665024633, 10.915576694411413, 0.2552910052910053)"
1373,"(0.7327586206896551, 0.4789915966386555, 0.2994262044723916)","(0.29802955665024633, 10.915576694411413, 0.2552910052910053)"
1374,"(0.7327586206896551, 0.4789915966386555, 0.2994262044723916)","(0.29802955665024633, 10.915576694411413, 0.2552910052910053)"
1375,"(0.7327586206896551, 0.4789915966386555, 0.2994262044723916)","(0.29802955665024633, 10.915576694411413, 0.2552910052910053)"
1376,"(0.7306034482758621, 0.4769874476987448, 0.29578943701947236)","(0.30049261083743845, 11.070154577883475, 0.2526455026455027)"
1377,"(0.7306034482758621, 0.4769874476987448, 0.29578943701947236)","(0.30049261083743845, 11.070154577883475, 0.2526455026455027)"
1378,"(0.7306034482758621, 0.4769874476987448, 0.29578943701947236)","(0.30049261083743845, 11.070154577883475, 0.2526455026455027)"
1379,"(0.7306034482758621, 0.4769874476987448, 0.29578943701947236)","(0.30049261083743845, 11.070154577883475, 0.2526455026455027)"
1380,"(0.7306034482758621, 0.4769874476987448, 0.29578943701947236)","(0.30049261083743845, 11.070154577883475, 0.2526455026455027)"
1381,"(0.7306034482758621, 0.4769874476987448, 0.29578943701947236)","(0.30049261083743845, 11.070154577883475, 0.2526455026455027)"
1382,"(0.7306034482758621, 0.4769874476987448, 0.29578943701947236)","(0.30049261083743845, 11.070154577883475, 0.2526455026455027)"
1383,"(0.7306034482758621, 0.4769874476987448, 0.29578943701947236)","(0.30049261083743845, 11.070154577883475, 0.2526455026455027)"
1384,"(0.7306034482758621, 0.4769874476987448, 0.29578943701947236)","(0.30049261083743845, 11.070154577883475, 0.2526455026455027)"
1385,"(0.728448275862069, 0.475, 0.2921809167731064)","(0.30295566502463056, 11.422116527942926, 0.28835978835978837)"
1386,"(0.7327586206896551, 0.4789915966386555, 0.2994262044723916)","(0.29802955665024633, 10.777645659928655, 0.21693121693121692)"
1387,"(0.7327586206896551, 0.4789915966386555, 0.2994262044723916)","(0.29802955665024633, 10.777645659928655, 0.21693121693121692)"
1388,"(0.7327586206896551, 0.4789915966386555, 0.2994262044723916)","(0.29802955665024633, 10.777645659928655, 0.21693121693121692)"
1389,"(0.7306034482758621, 0.4769874476987448, 0.29578943701947236)","(0.30049261083743845, 11.070154577883473, 0.2526455026455027)"
1390,"(0.7327586206896551, 0.4789915966386555, 0.2994262044723916)","(0.29802955665024633, 10.777645659928655, 0.21693121693121692)"
1391,"(0.7306034482758621, 0.4769874476987448, 0.29578943701947236)","(0.30049261083743845, 11.070154577883473, 0.2526455026455027)"
1392,"(0.7306034482758621, 0.4769874476987448, 0.29578943701947236)","(0.30049261083743845, 11.070154577883473, 0.2526455026455027)"
1393,"(0.7306034482758621, 0.4769874476987448, 0.29578943701947236)","(0.30049261083743845, 11.070154577883473, 0.2526455026455027)"
1394,"(0.7306034482758621, 0.4769874476987448, 0.29578943701947236)","(0.30049261083743845, 11.070154577883473, 0.2526455026455027)"
1395,"(0.7306034482758621, 0.4769874476987448, 0.29578943701947236)","(0.30049261083743845, 11.070154577883473, 0.2526455026455027)"
1396,"(0.7306034482758621, 0.4769874476987448, 0.29578943701947236)","(0.30049261083743845, 11.070154577883473, 0.2526455026455027)"
1397,"(0.728448275862069, 0.475, 0.2921809167731064)","(0.30295566502463056, 11.766944114149824, 0.28835978835978837)"
1398,"(0.728448275862069, 0.475, 0.2921809167731064)","(0.30295566502463056, 11.766944114149824, 0.28835978835978837)"
1399,"(0.728448275862069, 0.475, 0.2921809167731064)","(0.30295566502463056, 11.766944114149824, 0.28835978835978837)"
1400,"(0.728448275862069, 0.475, 0.2921809167731064)","(0.30295566502463056, 11.766944114149824, 0.28835978835978837)"
1401,"(0.728448275862069, 0.475, 0.2921809167731064)","(0.30295566502463056, 11.766944114149824, 0.28835978835978837)"
1402,"(0.728448275862069, 0.475, 0.2921809167731064)","(0.30295566502463056, 11.766944114149824, 0.28835978835978837)"
1403,"(0.728448275862069, 0.475, 0.2921809167731064)","(0.30295566502463056, 11.766944114149824, 0.28835978835978837)"
1404,"(0.728448275862069, 0.475, 0.2921809167731064)","(0.30295566502463056, 11.766944114149824, 0.28835978835978837)"
1405,"(0.728448275862069, 0.475, 0.2921809167731064)","(0.30295566502463056, 11.766944114149824, 0.28835978835978837)"
1406,"(0.728448275862069, 0.475, 0.2921809167731064)","(0.30295566502463056, 11.766944114149824, 0.28835978835978837)"
1407,"(0.728448275862069, 0.475, 0.2921809167731064)","(0.30295566502463056, 11.766944114149824, 0.28835978835978837)"
1408,"(0.728448275862069, 0.475, 0.2921809167731064)","(0.30295566502463056, 11.766944114149824, 0.28835978835978837)"
1409,"(0.728448275862069, 0.475, 0.2921809167731064)","(0.30295566502463056, 11.766944114149824, 0.28835978835978837)"
1410,"(0.728448275862069, 0.475, 0.2921809167731064)","(0.30295566502463056, 11.766944114149824, 0.28835978835978837)"
1411,"(0.728448275862069, 0.475, 0.2921809167731064)","(0.30295566502463056, 11.766944114149824, 0.28835978835978837)"
1412,"(0.728448275862069, 0.475, 0.2921809167731064)","(0.30295566502463056, 11.766944114149824, 0.28835978835978837)"
1413,"(0.728448275862069, 0.475, 0.2921809167731064)","(0.30295566502463056, 11.766944114149824, 0.28835978835978837)"
1414,"(0.728448275862069, 0.475, 0.2921809167731064)","(0.30295566502463056, 11.766944114149824, 0.28835978835978837)"
1415,"(0.728448275862069, 0.475, 0.2921809167731064)","(0.30295566502463056, 11.766944114149824, 0.28835978835978837)"
1416,"(0.7262931034482759, 0.4730290456431535, 0.2886000203777668)","(0.3054187192118227, 11.902497027348392, 0.2857142857142857)"
1417,"(0.7262931034482759, 0.4730290456431535, 0.2886000203777668)","(0.3054187192118227, 11.902497027348392, 0.2857142857142857)"
1418,"(0.7262931034482759, 0.4730290456431535, 0.2886000203777668)","(0.3054187192118227, 11.902497027348392, 0.2857142857142857)"
1419,"(0.7262931034482759, 0.4730290456431535, 0.2886000203777668)","(0.3054187192118227, 11.902497027348392, 0.2857142857142857)"
1420,"(0.7262931034482759, 0.4730290456431535, 0.2886000203777668)","(0.3054187192118227, 11.902497027348392, 0.2857142857142857)"
1421,"(0.7241379310344828, 0.47107438016528924, 0.2850461409205887)","(0.3078817733990148, 11.959571938168846, 0.2830687830687831)"
1422,"(0.7262931034482759, 0.4730290456431535, 0.2886000203777668)","(0.3054187192118227, 11.902497027348392, 0.2857142857142857)"
1423,"(0.7241379310344828, 0.47107438016528924, 0.2850461409205887)","(0.3078817733990148, 11.959571938168846, 0.2830687830687831)"
1424,"(0.7241379310344828, 0.47107438016528924, 0.2850461409205887)","(0.3078817733990148, 11.959571938168846, 0.2830687830687831)"
1425,"(0.7241379310344828, 0.47107438016528924, 0.2850461409205887)","(0.3078817733990148, 11.959571938168846, 0.2830687830687831)"
1426,"(0.7219827586206896, 0.4691358024691358, 0.28151868734016744)","(0.3103448275862069, 12.007134363852558, 0.2804232804232804)"
1427,"(0.7241379310344828, 0.47540983606557374, 0.28914832270021074)","(0.312807881773399, 11.70035671819263, 0.2777777777777778)"
1428,"(0.7219827586206896, 0.47346938775510206, 0.28564492888385046)","(0.31527093596059114, 11.797859690844232, 0.2751322751322751)"
1429,"(0.7219827586206896, 0.47346938775510206, 0.28564492888385046)","(0.31527093596059114, 11.797859690844232, 0.2751322751322751)"
1430,"(0.7219827586206896, 0.47346938775510206, 0.28564492888385046)","(0.31527093596059114, 11.797859690844232, 0.2751322751322751)"
1431,"(0.7219827586206896, 0.47346938775510206, 0.28564492888385046)","(0.31527093596059114, 11.797859690844232, 0.2751322751322751)"
1432,"(0.7219827586206896, 0.47346938775510206, 0.28564492888385046)","(0.31527093596059114, 11.797859690844232, 0.2751322751322751)"
1433,"(0.7219827586206896, 0.47346938775510206, 0.28564492888385046)","(0.31527093596059114, 11.797859690844232, 0.2751322751322751)"
1434,"(0.7219827586206896, 0.47346938775510206, 0.28564492888385046)","(0.31527093596059114, 11.797859690844232, 0.2751322751322751)"
1435,"(0.7219827586206896, 0.47346938775510206, 0.28564492888385046)","(0.31527093596059114, 11.797859690844232, 0.2751322751322751)"
1436,"(0.7219827586206896, 0.47346938775510206, 0.28564492888385046)","(0.31527093596059114, 11.797859690844232, 0.2751322751322751)"
1437,"(0.7219827586206896, 0.47346938775510206, 0.28564492888385046)","(0.31527093596059114, 11.797859690844232, 0.2751322751322751)"
1438,"(0.7219827586206896, 0.47346938775510206, 0.28564492888385046)","(0.31527093596059114, 11.797859690844232, 0.2751322751322751)"
1439,"(0.7219827586206896, 0.47346938775510206, 0.28564492888385046)","(0.31527093596059114, 11.797859690844232, 0.2751322751322751)"
1440,"(0.7219827586206896, 0.47346938775510206, 0.28564492888385046)","(0.31527093596059114, 11.797859690844232, 0.2751322751322751)"
1441,"(0.7219827586206896, 0.47346938775510206, 0.28564492888385046)","(0.31527093596059114, 11.797859690844232, 0.2751322751322751)"
1442,"(0.7219827586206896, 0.47346938775510206, 0.28564492888385046)","(0.31527093596059114, 11.797859690844232, 0.2751322751322751)"
1443,"(0.7219827586206896, 0.47346938775510206, 0.28564492888385046)","(0.31527093596059114, 11.797859690844232, 0.2751322751322751)"
1444,"(0.7219827586206896, 0.47346938775510206, 0.28564492888385046)","(0.31527093596059114, 11.797859690844232, 0.2751322751322751)"
1445,"(0.7219827586206896, 0.47346938775510206, 0.28564492888385046)","(0.31527093596059114, 11.797859690844232, 0.2751322751322751)"
1446,"(0.7198275862068966, 0.4715447154471545, 0.2821667303301388)","(0.31773399014778325, 12.161712247324614, 0.2724867724867725)"
1447,"(0.7198275862068966, 0.4715447154471545, 0.2821667303301388)","(0.31773399014778325, 12.161712247324614, 0.2724867724867725)"
1448,"(0.7198275862068966, 0.4715447154471545, 0.2821667303301388)","(0.31773399014778325, 12.161712247324614, 0.2724867724867725)"
1449,"(0.7198275862068966, 0.4715447154471545, 0.2821667303301388)","(0.31773399014778325, 12.161712247324614, 0.2724867724867725)"
1450,"(0.7198275862068966, 0.4715447154471545, 0.2821667303301388)","(0.31773399014778325, 12.161712247324614, 0.2724867724867725)"
1451,"(0.7198275862068966, 0.4715447154471545, 0.2821667303301388)","(0.31773399014778325, 12.161712247324614, 0.2724867724867725)"
1452,"(0.7198275862068966, 0.4715447154471545, 0.2821667303301388)","(0.31773399014778325, 12.161712247324614, 0.2724867724867725)"
1453,"(0.7198275862068966, 0.4715447154471545, 0.2821667303301388)","(0.31773399014778325, 12.161712247324614, 0.2724867724867725)"
1454,"(0.7198275862068966, 0.4715447154471545, 0.2821667303301388)","(0.31773399014778325, 12.161712247324614, 0.2724867724867725)"
1455,"(0.7198275862068966, 0.4715447154471545, 0.2821667303301388)","(0.31773399014778325, 12.161712247324614, 0.2724867724867725)"
1456,"(0.7198275862068966, 0.4715447154471545, 0.2821667303301388)","(0.31773399014778325, 12.161712247324614, 0.2724867724867725)"
1457,"(0.7198275862068966, 0.4715447154471545, 0.2821667303301388)","(0.31773399014778325, 12.161712247324614, 0.2724867724867725)"
1458,"(0.7198275862068966, 0.4715447154471545, 0.2821667303301388)","(0.31773399014778325, 12.161712247324614, 0.2724867724867725)"
1459,"(0.7198275862068966, 0.4715447154471545, 0.2821667303301388)","(0.31773399014778325, 12.161712247324614, 0.2724867724867725)"
1460,"(0.7198275862068966, 0.4715447154471545, 0.2821667303301388)","(0.31773399014778325, 12.161712247324614, 0.2724867724867725)"
1461,"(0.7219827586206896, 0.47346938775510206, 0.28564492888385046)","(0.31527093596059114, 11.866825208085613, 0.23677248677248677)"
1462,"(0.7219827586206896, 0.47346938775510206, 0.28564492888385046)","(0.31527093596059114, 11.866825208085613, 0.23677248677248677)"
1463,"(0.7198275862068966, 0.4715447154471545, 0.2821667303301388)","(0.31773399014778325, 12.161712247324614, 0.2724867724867725)"
1464,"(0.7176724137931034, 0.46530612244897956, 0.27454076945002787)","(0.31527093596059114, 12.418549346016649, 0.2751322751322751)"
1465,"(0.7198275862068966, 0.4672131147540984, 0.2780170838606772)","(0.312807881773399, 12.114149821640906, 0.23941798941798942)"
1466,"(0.7198275862068966, 0.4672131147540984, 0.2780170838606772)","(0.312807881773399, 12.114149821640906, 0.23941798941798942)"
1467,"(0.7176724137931034, 0.46530612244897956, 0.27454076945002787)","(0.31527093596059114, 12.418549346016649, 0.2751322751322751)"
1468,"(0.7155172413793104, 0.4634146341463415, 0.27108919730084824)","(0.31773399014778325, 12.092746730083237, 0.2724867724867725)"
1469,"(0.7155172413793104, 0.4634146341463415, 0.27108919730084824)","(0.31773399014778325, 12.092746730083237, 0.2724867724867725)"
1470,"(0.7155172413793104, 0.4634146341463415, 0.27108919730084824)","(0.31773399014778325, 12.092746730083237, 0.2724867724867725)"
1471,"(0.7133620689655172, 0.46153846153846156, 0.267661834333156)","(0.32019704433497537, 11.757431629013082, 0.2698412698412698)"
1472,"(0.7133620689655172, 0.46153846153846156, 0.267661834333156)","(0.32019704433497537, 11.757431629013082, 0.2698412698412698)"
1473,"(0.7112068965517241, 0.4596774193548387, 0.26425816071763825)","(0.3226600985221675, 11.96432818073722, 0.3055555555555556)"
1474,"(0.7112068965517241, 0.4596774193548387, 0.26425816071763825)","(0.3226600985221675, 11.96432818073722, 0.3055555555555556)"
1475,"(0.7112068965517241, 0.4596774193548387, 0.26425816071763825)","(0.3226600985221675, 11.96432818073722, 0.3055555555555556)"
1476,"(0.7112068965517241, 0.4596774193548387, 0.26425816071763825)","(0.3226600985221675, 11.96432818073722, 0.3055555555555556)"
1477,"(0.709051724137931, 0.4578313253012048, 0.26087766941852975)","(0.3251231527093596, 12.368608799048749, 0.3412698412698413)"
1478,"(0.709051724137931, 0.4578313253012048, 0.26087766941852975)","(0.3251231527093596, 12.368608799048749, 0.3412698412698413)"
1479,"(0.709051724137931, 0.4578313253012048, 0.26087766941852975)","(0.3251231527093596, 12.368608799048749, 0.3412698412698413)"
1480,"(0.709051724137931, 0.4578313253012048, 0.26087766941852975)","(0.3251231527093596, 12.368608799048749, 0.3412698412698413)"
1481,"(0.709051724137931, 0.4578313253012048, 0.26087766941852975)","(0.3251231527093596, 12.368608799048749, 0.3412698412698413)"
1482,"(0.709051724137931, 0.4578313253012048, 0.26087766941852975)","(0.3251231527093596, 12.368608799048749, 0.3412698412698413)"
1483,"(0.709051724137931, 0.4578313253012048, 0.26087766941852975)","(0.3251231527093596, 12.368608799048749, 0.3412698412698413)"
1484,"(0.709051724137931, 0.4578313253012048, 0.26087766941852975)","(0.3251231527093596, 12.368608799048749, 0.3412698412698413)"
1485,"(0.709051724137931, 0.4578313253012048, 0.26087766941852975)","(0.3251231527093596, 12.368608799048749, 0.3412698412698413)"
1486,"(0.709051724137931, 0.4578313253012048, 0.26087766941852975)","(0.3251231527093596, 12.368608799048749, 0.3412698412698413)"
1487,"(0.7068965517241379, 0.456, 0.257519865755129)","(0.3275862068965517, 12.556480380499405, 0.3386243386243386)"
1488,"(0.7068965517241379, 0.456, 0.257519865755129)","(0.3275862068965517, 12.556480380499405, 0.3386243386243386)"
1489,"(0.7068965517241379, 0.456, 0.257519865755129)","(0.3275862068965517, 12.556480380499405, 0.3386243386243386)"
1490,"(0.7068965517241379, 0.456, 0.257519865755129)","(0.3275862068965517, 12.556480380499405, 0.3386243386243386)"
1491,"(0.7068965517241379, 0.456, 0.257519865755129)","(0.3275862068965517, 12.556480380499405, 0.3386243386243386)"
1492,"(0.7068965517241379, 0.456, 0.257519865755129)","(0.3275862068965517, 12.556480380499405, 0.3386243386243386)"
1493,"(0.7068965517241379, 0.456, 0.257519865755129)","(0.3275862068965517, 12.556480380499405, 0.3386243386243386)"
1494,"(0.7068965517241379, 0.456, 0.257519865755129)","(0.3275862068965517, 12.556480380499405, 0.3386243386243386)"
1495,"(0.7068965517241379, 0.456, 0.257519865755129)","(0.3275862068965517, 12.556480380499405, 0.3386243386243386)"
1496,"(0.7047413793103449, 0.4541832669322709, 0.2541842669810508)","(0.33004926108374383, 12.8038049940547, 0.335978835978836)"
1497,"(0.7047413793103449, 0.4541832669322709, 0.2541842669810508)","(0.33004926108374383, 12.8038049940547, 0.335978835978836)"
1498,"(0.7047413793103449, 0.4541832669322709, 0.2541842669810508)","(0.33004926108374383, 12.8038049940547, 0.335978835978836)"
1499,"(0.7047413793103449, 0.4541832669322709, 0.2541842669810508)","(0.33004926108374383, 12.8038049940547, 0.335978835978836)"
1500,"(0.7047413793103449, 0.4541832669322709, 0.2541842669810508)","(0.33004926108374383, 12.8038049940547, 0.335978835978836)"
1501,"(0.7047413793103449, 0.4541832669322709, 0.2541842669810508)","(0.33004926108374383, 12.8038049940547, 0.335978835978836)"
1502,"(0.7047413793103449, 0.4541832669322709, 0.2541842669810508)","(0.33004926108374383, 12.8038049940547, 0.335978835978836)"
1503,"(0.7047413793103449, 0.4541832669322709, 0.2541842669810508)","(0.33004926108374383, 12.8038049940547, 0.335978835978836)"
1504,"(0.7047413793103449, 0.4541832669322709, 0.2541842669810508)","(0.33004926108374383, 12.8038049940547, 0.335978835978836)"
1505,"(0.7025862068965517, 0.4523809523809524, 0.25087040188035925)","(0.33251231527093594, 13.386444708680138, 0.3333333333333333)"
1506,"(0.7025862068965517, 0.4523809523809524, 0.25087040188035925)","(0.33251231527093594, 13.386444708680138, 0.3333333333333333)"
1507,"(0.7025862068965517, 0.4523809523809524, 0.25087040188035925)","(0.33251231527093594, 13.386444708680138, 0.3333333333333333)"
1508,"(0.7025862068965517, 0.4523809523809524, 0.25087040188035925)","(0.33251231527093594, 13.386444708680138, 0.3333333333333333)"
1509,"(0.7025862068965517, 0.4523809523809524, 0.25087040188035925)","(0.33251231527093594, 13.386444708680138, 0.3333333333333333)"
1510,"(0.7025862068965517, 0.4523809523809524, 0.25087040188035925)","(0.33251231527093594, 13.386444708680138, 0.3333333333333333)"
1511,"(0.7025862068965517, 0.4523809523809524, 0.25087040188035925)","(0.33251231527093594, 13.386444708680138, 0.3333333333333333)"
1512,"(0.7025862068965517, 0.4523809523809524, 0.25087040188035925)","(0.33251231527093594, 13.386444708680138, 0.3333333333333333)"
1513,"(0.7025862068965517, 0.4523809523809524, 0.25087040188035925)","(0.33251231527093594, 13.386444708680138, 0.3333333333333333)"
1514,"(0.7025862068965517, 0.4523809523809524, 0.25087040188035925)","(0.33251231527093594, 13.386444708680138, 0.3333333333333333)"
1515,"(0.7025862068965517, 0.4523809523809524, 0.25087040188035925)","(0.33251231527093594, 13.386444708680138, 0.3333333333333333)"
1516,"(0.7025862068965517, 0.4523809523809524, 0.25087040188035925)","(0.33251231527093594, 13.386444708680138, 0.3333333333333333)"
1517,"(0.7025862068965517, 0.4523809523809524, 0.25087040188035925)","(0.33251231527093594, 13.386444708680138, 0.3333333333333333)"
1518,"(0.7025862068965517, 0.4523809523809524, 0.25087040188035925)","(0.33251231527093594, 13.386444708680138, 0.3333333333333333)"
1519,"(0.7025862068965517, 0.4523809523809524, 0.25087040188035925)","(0.33251231527093594, 13.386444708680138, 0.3333333333333333)"
1520,"(0.7025862068965517, 0.4523809523809524, 0.25087040188035925)","(0.33251231527093594, 13.386444708680138, 0.3333333333333333)"
1521,"(0.7025862068965517, 0.4523809523809524, 0.25087040188035925)","(0.33251231527093594, 13.386444708680138, 0.3333333333333333)"
1522,"(0.7004310344827587, 0.4505928853754941, 0.24757781037977528)","(0.33497536945812806, 12.649227110582638, 0.3306878306878307)"
1523,"(0.7004310344827587, 0.4505928853754941, 0.24757781037977528)","(0.33497536945812806, 12.649227110582638, 0.3306878306878307)"
1524,"(0.7004310344827587, 0.4505928853754941, 0.24757781037977528)","(0.33497536945812806, 12.649227110582638, 0.3306878306878307)"
1525,"(0.7004310344827587, 0.4505928853754941, 0.24757781037977528)","(0.33497536945812806, 12.649227110582638, 0.3306878306878307)"
1526,"(0.7004310344827587, 0.4505928853754941, 0.24757781037977528)","(0.33497536945812806, 12.649227110582638, 0.3306878306878307)"
1527,"(0.7004310344827587, 0.4505928853754941, 0.24757781037977528)","(0.33497536945812806, 12.649227110582638, 0.3306878306878307)"
1528,"(0.7004310344827587, 0.4505928853754941, 0.24757781037977528)","(0.33497536945812806, 12.649227110582638, 0.3306878306878307)"
1529,"(0.7004310344827587, 0.4505928853754941, 0.24757781037977528)","(0.33497536945812806, 12.649227110582638, 0.3306878306878307)"
1530,"(0.7004310344827587, 0.4505928853754941, 0.24757781037977528)","(0.33497536945812806, 12.649227110582638, 0.3306878306878307)"
1531,"(0.7004310344827587, 0.4505928853754941, 0.24757781037977528)","(0.33497536945812806, 12.649227110582638, 0.3306878306878307)"
1532,"(0.6982758620689655, 0.44881889763779526, 0.2443060431761951)","(0.3374384236453202, 13.212841854934606, 0.3664021164021164)"
1533,"(0.6982758620689655, 0.44881889763779526, 0.2443060431761951)","(0.3374384236453202, 13.212841854934606, 0.3664021164021164)"
1534,"(0.6982758620689655, 0.44881889763779526, 0.2443060431761951)","(0.3374384236453202, 13.212841854934606, 0.3664021164021164)"
1535,"(0.6982758620689655, 0.44881889763779526, 0.2443060431761951)","(0.3374384236453202, 13.212841854934606, 0.3664021164021164)"
1536,"(0.6982758620689655, 0.44881889763779526, 0.2443060431761951)","(0.3374384236453202, 13.212841854934606, 0.3664021164021164)"
1537,"(0.6982758620689655, 0.44881889763779526, 0.2443060431761951)","(0.3374384236453202, 13.212841854934606, 0.3664021164021164)"
1538,"(0.6982758620689655, 0.44881889763779526, 0.2443060431761951)","(0.3374384236453202, 13.212841854934606, 0.3664021164021164)"
1539,"(0.6982758620689655, 0.44881889763779526, 0.2443060431761951)","(0.3374384236453202, 13.212841854934606, 0.3664021164021164)"
1540,"(0.6982758620689655, 0.44881889763779526, 0.2443060431761951)","(0.3374384236453202, 13.212841854934606, 0.3664021164021164)"
1541,"(0.6982758620689655, 0.44881889763779526, 0.2443060431761951)","(0.3374384236453202, 13.212841854934606, 0.3664021164021164)"
1542,"(0.6982758620689655, 0.44881889763779526, 0.2443060431761951)","(0.3374384236453202, 13.212841854934606, 0.3664021164021164)"
1543,"(0.6982758620689655, 0.44881889763779526, 0.2443060431761951)","(0.3374384236453202, 13.212841854934606, 0.3664021164021164)"
1544,"(0.6982758620689655, 0.44881889763779526, 0.2443060431761951)","(0.3374384236453202, 13.212841854934606, 0.3664021164021164)"
1545,"(0.6982758620689655, 0.44881889763779526, 0.2443060431761951)","(0.3374384236453202, 13.212841854934606, 0.3664021164021164)"
1546,"(0.6982758620689655, 0.44881889763779526, 0.2443060431761951)","(0.3374384236453202, 13.212841854934606, 0.3664021164021164)"
1547,"(0.6982758620689655, 0.44881889763779526, 0.2443060431761951)","(0.3374384236453202, 13.212841854934606, 0.3664021164021164)"
1548,"(0.6982758620689655, 0.44881889763779526, 0.2443060431761951)","(0.3374384236453202, 13.212841854934606, 0.3664021164021164)"
1549,"(0.6982758620689655, 0.44881889763779526, 0.2443060431761951)","(0.3374384236453202, 13.212841854934606, 0.3664021164021164)"
1550,"(0.6982758620689655, 0.44881889763779526, 0.2443060431761951)","(0.3374384236453202, 13.212841854934606, 0.3664021164021164)"
1551,"(0.7004310344827587, 0.4549019607843137, 0.25191171465775)","(0.3399014778325123, 13.284185493460164, 0.3637566137566138)"
1552,"(0.7004310344827587, 0.4549019607843137, 0.25191171465775)","(0.3399014778325123, 13.284185493460164, 0.3637566137566138)"
1553,"(0.7004310344827587, 0.4549019607843137, 0.25191171465775)","(0.3399014778325123, 13.284185493460164, 0.3637566137566138)"
1554,"(0.6982758620689655, 0.453125, 0.24865779498495233)","(0.34236453201970446, 13.828775267538644, 0.3611111111111111)"
1555,"(0.6982758620689655, 0.453125, 0.24865779498495233)","(0.34236453201970446, 13.828775267538644, 0.3611111111111111)"
1556,"(0.6982758620689655, 0.453125, 0.24865779498495233)","(0.34236453201970446, 13.828775267538644, 0.3611111111111111)"
1557,"(0.6961206896551724, 0.45136186770428016, 0.24542379041276932)","(0.3448275862068966, 14.501783590963138, 0.3584656084656085)"
1558,"(0.6961206896551724, 0.45136186770428016, 0.24542379041276932)","(0.3448275862068966, 14.501783590963138, 0.3584656084656085)"
1559,"(0.6961206896551724, 0.45136186770428016, 0.24542379041276932)","(0.3448275862068966, 14.501783590963138, 0.3584656084656085)"
1560,"(0.6961206896551724, 0.45136186770428016, 0.24542379041276932)","(0.3448275862068966, 14.501783590963138, 0.3584656084656085)"
1561,"(0.6961206896551724, 0.45136186770428016, 0.24542379041276932)","(0.3448275862068966, 14.501783590963138, 0.3584656084656085)"
1562,"(0.6961206896551724, 0.45136186770428016, 0.24542379041276932)","(0.3448275862068966, 14.501783590963138, 0.3584656084656085)"
1563,"(0.6961206896551724, 0.45136186770428016, 0.24542379041276932)","(0.3448275862068966, 14.501783590963138, 0.3584656084656085)"
1564,"(0.6961206896551724, 0.45136186770428016, 0.24542379041276932)","(0.3448275862068966, 14.501783590963138, 0.3584656084656085)"
1565,"(0.6961206896551724, 0.45136186770428016, 0.24542379041276932)","(0.3448275862068966, 14.501783590963138, 0.3584656084656085)"
1566,"(0.6961206896551724, 0.45136186770428016, 0.24542379041276932)","(0.3448275862068966, 14.501783590963138, 0.3584656084656085)"
1567,"(0.6961206896551724, 0.45136186770428016, 0.24542379041276932)","(0.3448275862068966, 14.501783590963138, 0.3584656084656085)"
1568,"(0.6961206896551724, 0.45136186770428016, 0.24542379041276932)","(0.3448275862068966, 14.501783590963138, 0.3584656084656085)"
1569,"(0.6961206896551724, 0.45136186770428016, 0.24542379041276932)","(0.3448275862068966, 14.501783590963138, 0.3584656084656085)"
1570,"(0.6961206896551724, 0.45136186770428016, 0.24542379041276932)","(0.3448275862068966, 14.501783590963138, 0.3584656084656085)"
1571,"(0.6982758620689655, 0.4573643410852713, 0.2529999824172544)","(0.3472906403940887, 14.820451843043998, 0.3558201058201058)"
1572,"(0.6982758620689655, 0.4573643410852713, 0.2529999824172544)","(0.3472906403940887, 14.820451843043998, 0.3558201058201058)"
1573,"(0.6982758620689655, 0.4573643410852713, 0.2529999824172544)","(0.3472906403940887, 14.820451843043998, 0.3558201058201058)"
1574,"(0.6982758620689655, 0.4573643410852713, 0.2529999824172544)","(0.3472906403940887, 14.820451843043998, 0.3558201058201058)"
1575,"(0.6982758620689655, 0.4573643410852713, 0.2529999824172544)","(0.3472906403940887, 14.820451843043998, 0.3558201058201058)"
1576,"(0.6982758620689655, 0.4573643410852713, 0.2529999824172544)","(0.3472906403940887, 14.820451843043998, 0.3558201058201058)"
1577,"(0.6982758620689655, 0.4573643410852713, 0.2529999824172544)","(0.3472906403940887, 14.820451843043998, 0.3558201058201058)"
1578,"(0.6982758620689655, 0.4573643410852713, 0.2529999824172544)","(0.3472906403940887, 14.820451843043998, 0.3558201058201058)"
1579,"(0.6982758620689655, 0.4573643410852713, 0.2529999824172544)","(0.3472906403940887, 14.820451843043998, 0.3558201058201058)"
1580,"(0.6982758620689655, 0.4573643410852713, 0.2529999824172544)","(0.3472906403940887, 14.820451843043998, 0.3558201058201058)"
1581,"(0.6982758620689655, 0.4573643410852713, 0.2529999824172544)","(0.3472906403940887, 14.820451843043998, 0.3558201058201058)"
1582,"(0.6982758620689655, 0.4573643410852713, 0.2529999824172544)","(0.3472906403940887, 14.820451843043998, 0.3558201058201058)"
1583,"(0.6982758620689655, 0.4573643410852713, 0.2529999824172544)","(0.3472906403940887, 14.820451843043998, 0.3558201058201058)"
1584,"(0.6982758620689655, 0.4573643410852713, 0.2529999824172544)","(0.3472906403940887, 14.820451843043998, 0.3558201058201058)"
1585,"(0.6982758620689655, 0.4573643410852713, 0.2529999824172544)","(0.3472906403940887, 14.820451843043998, 0.3558201058201058)"
1586,"(0.6982758620689655, 0.4573643410852713, 0.2529999824172544)","(0.3472906403940887, 14.820451843043998, 0.3558201058201058)"
1587,"(0.6982758620689655, 0.4573643410852713, 0.2529999824172544)","(0.3472906403940887, 14.820451843043998, 0.3558201058201058)"
1588,"(0.6982758620689655, 0.4573643410852713, 0.2529999824172544)","(0.3472906403940887, 14.820451843043998, 0.3558201058201058)"
1589,"(0.6982758620689655, 0.4573643410852713, 0.2529999824172544)","(0.3472906403940887, 14.820451843043998, 0.3558201058201058)"
1590,"(0.6982758620689655, 0.4573643410852713, 0.2529999824172544)","(0.3472906403940887, 14.820451843043998, 0.3558201058201058)"
1591,"(0.6982758620689655, 0.4573643410852713, 0.2529999824172544)","(0.3472906403940887, 14.820451843043998, 0.3558201058201058)"
1592,"(0.6982758620689655, 0.4573643410852713, 0.2529999824172544)","(0.3472906403940887, 14.820451843043998, 0.3558201058201058)"
1593,"(0.6982758620689655, 0.4573643410852713, 0.2529999824172544)","(0.3472906403940887, 14.820451843043998, 0.3558201058201058)"
1594,"(0.6982758620689655, 0.4573643410852713, 0.2529999824172544)","(0.3472906403940887, 14.820451843043998, 0.3558201058201058)"
1595,"(0.6982758620689655, 0.4573643410852713, 0.2529999824172544)","(0.3472906403940887, 14.820451843043998, 0.3558201058201058)"
1596,"(0.6982758620689655, 0.4573643410852713, 0.2529999824172544)","(0.3472906403940887, 14.820451843043998, 0.3558201058201058)"
1597,"(0.6982758620689655, 0.4573643410852713, 0.2529999824172544)","(0.3472906403940887, 14.820451843043998, 0.3558201058201058)"
1598,"(0.6982758620689655, 0.4573643410852713, 0.2529999824172544)","(0.3472906403940887, 14.820451843043998, 0.3558201058201058)"
1599,"(0.6982758620689655, 0.4573643410852713, 0.2529999824172544)","(0.3472906403940887, 14.820451843043998, 0.3558201058201058)"
1600,"(0.6982758620689655, 0.4573643410852713, 0.2529999824172544)","(0.3472906403940887, 14.820451843043998, 0.3558201058201058)"
1601,"(0.6961206896551724, 0.45136186770428016, 0.24542379041276932)","(0.3448275862068966, 14.915576694411415, 0.3584656084656085)"
1602,"(0.6961206896551724, 0.45136186770428016, 0.24542379041276932)","(0.3448275862068966, 14.915576694411415, 0.3584656084656085)"
1603,"(0.6961206896551724, 0.45136186770428016, 0.24542379041276932)","(0.3448275862068966, 14.915576694411415, 0.3584656084656085)"
1604,"(0.6961206896551724, 0.45136186770428016, 0.24542379041276932)","(0.3448275862068966, 14.915576694411415, 0.3584656084656085)"
1605,"(0.6982758620689655, 0.4573643410852713, 0.2529999824172544)","(0.3472906403940887, 15.234244946492273, 0.3558201058201058)"
1606,"(0.6982758620689655, 0.4573643410852713, 0.2529999824172544)","(0.3472906403940887, 15.234244946492273, 0.3558201058201058)"
1607,"(0.6982758620689655, 0.4573643410852713, 0.2529999824172544)","(0.3472906403940887, 15.234244946492273, 0.3558201058201058)"
1608,"(0.6961206896551724, 0.4555984555984556, 0.24978319212172892)","(0.3497536945812808, 15.26753864447087, 0.3531746031746032)"
1609,"(0.6961206896551724, 0.4555984555984556, 0.24978319212172892)","(0.3497536945812808, 15.26753864447087, 0.3531746031746032)"
1610,"(0.6961206896551724, 0.4555984555984556, 0.24978319212172892)","(0.3497536945812808, 15.26753864447087, 0.3531746031746032)"
1611,"(0.6961206896551724, 0.4555984555984556, 0.24978319212172892)","(0.3497536945812808, 15.26753864447087, 0.3531746031746032)"
1612,"(0.6961206896551724, 0.4555984555984556, 0.24978319212172892)","(0.3497536945812808, 15.26753864447087, 0.3531746031746032)"
1613,"(0.6961206896551724, 0.4555984555984556, 0.24978319212172892)","(0.3497536945812808, 15.26753864447087, 0.3531746031746032)"
1614,"(0.6961206896551724, 0.4555984555984556, 0.24978319212172892)","(0.3497536945812808, 15.26753864447087, 0.3531746031746032)"
1615,"(0.6961206896551724, 0.4555984555984556, 0.24978319212172892)","(0.3497536945812808, 15.26753864447087, 0.3531746031746032)"
1616,"(0.6961206896551724, 0.4555984555984556, 0.24978319212172892)","(0.3497536945812808, 15.26753864447087, 0.3531746031746032)"
1617,"(0.6982758620689655, 0.4573643410852713, 0.2529999824172544)","(0.3472906403940887, 14.958382877526756, 0.31746031746031744)"
1618,"(0.6982758620689655, 0.4573643410852713, 0.2529999824172544)","(0.3472906403940887, 14.958382877526756, 0.31746031746031744)"
1619,"(0.6982758620689655, 0.4573643410852713, 0.2529999824172544)","(0.3472906403940887, 14.958382877526756, 0.31746031746031744)"
1620,"(0.6982758620689655, 0.4573643410852713, 0.2529999824172544)","(0.3472906403940887, 14.958382877526756, 0.31746031746031744)"
1621,"(0.6982758620689655, 0.4573643410852713, 0.2529999824172544)","(0.3472906403940887, 14.958382877526756, 0.31746031746031744)"
1622,"(0.6982758620689655, 0.4573643410852713, 0.2529999824172544)","(0.3472906403940887, 14.958382877526756, 0.31746031746031744)"
1623,"(0.6982758620689655, 0.4573643410852713, 0.2529999824172544)","(0.3472906403940887, 14.958382877526756, 0.31746031746031744)"
1624,"(0.6982758620689655, 0.4573643410852713, 0.2529999824172544)","(0.3472906403940887, 14.958382877526756, 0.31746031746031744)"
1625,"(0.6982758620689655, 0.4573643410852713, 0.2529999824172544)","(0.3472906403940887, 14.958382877526756, 0.31746031746031744)"
1626,"(0.6982758620689655, 0.4573643410852713, 0.2529999824172544)","(0.3472906403940887, 14.958382877526756, 0.31746031746031744)"
1627,"(0.6982758620689655, 0.4573643410852713, 0.2529999824172544)","(0.3472906403940887, 14.958382877526756, 0.31746031746031744)"
1628,"(0.6982758620689655, 0.4573643410852713, 0.2529999824172544)","(0.3472906403940887, 14.958382877526756, 0.31746031746031744)"
1629,"(0.6982758620689655, 0.4573643410852713, 0.2529999824172544)","(0.3472906403940887, 14.958382877526756, 0.31746031746031744)"
1630,"(0.6982758620689655, 0.4573643410852713, 0.2529999824172544)","(0.3472906403940887, 14.958382877526756, 0.31746031746031744)"
1631,"(0.7004310344827587, 0.4549019607843137, 0.25191171465775)","(0.3399014778325123, 15.215219976218785, 0.3253968253968254)"
1632,"(0.7004310344827587, 0.4549019607843137, 0.25191171465775)","(0.3399014778325123, 15.215219976218785, 0.3253968253968254)"
1633,"(0.7004310344827587, 0.4549019607843137, 0.25191171465775)","(0.3399014778325123, 15.215219976218785, 0.3253968253968254)"
1634,"(0.6982758620689655, 0.453125, 0.24865779498495233)","(0.34236453201970446, 15.759809750297265, 0.32275132275132273)"
1635,"(0.6982758620689655, 0.453125, 0.24865779498495233)","(0.34236453201970446, 15.759809750297265, 0.32275132275132273)"
1636,"(0.6982758620689655, 0.453125, 0.24865779498495233)","(0.34236453201970446, 15.759809750297265, 0.32275132275132273)"
1637,"(0.6982758620689655, 0.453125, 0.24865779498495233)","(0.34236453201970446, 15.759809750297265, 0.32275132275132273)"
1638,"(0.6961206896551724, 0.45136186770428016, 0.24542379041276932)","(0.3448275862068966, 15.743162901307965, 0.3201058201058201)"
1639,"(0.6961206896551724, 0.45136186770428016, 0.24542379041276932)","(0.3448275862068966, 15.743162901307965, 0.3201058201058201)"
1640,"(0.6961206896551724, 0.45136186770428016, 0.24542379041276932)","(0.3448275862068966, 15.743162901307965, 0.3201058201058201)"
1641,"(0.6918103448275862, 0.44787644787644787, 0.23901387404474675)","(0.3497536945812808, 16.715814506539836, 0.3531746031746032)"
1642,"(0.6918103448275862, 0.44787644787644787, 0.23901387404474675)","(0.3497536945812808, 16.715814506539836, 0.3531746031746032)"
1643,"(0.6918103448275862, 0.44787644787644787, 0.23901387404474675)","(0.3497536945812808, 16.715814506539836, 0.3531746031746032)"
1644,"(0.6918103448275862, 0.44787644787644787, 0.23901387404474675)","(0.3497536945812808, 16.715814506539836, 0.3531746031746032)"
1645,"(0.6918103448275862, 0.44787644787644787, 0.23901387404474675)","(0.3497536945812808, 16.715814506539836, 0.3531746031746032)"
1646,"(0.6918103448275862, 0.44787644787644787, 0.23901387404474675)","(0.3497536945812808, 16.715814506539836, 0.3531746031746032)"
1647,"(0.6918103448275862, 0.44787644787644787, 0.23901387404474675)","(0.3497536945812808, 16.715814506539836, 0.3531746031746032)"
1648,"(0.6918103448275862, 0.44787644787644787, 0.23901387404474675)","(0.3497536945812808, 16.715814506539836, 0.3531746031746032)"
1649,"(0.6918103448275862, 0.44787644787644787, 0.23901387404474675)","(0.3497536945812808, 16.715814506539836, 0.3531746031746032)"
1650,"(0.6918103448275862, 0.44787644787644787, 0.23901387404474675)","(0.3497536945812808, 16.715814506539836, 0.3531746031746032)"
1651,"(0.6918103448275862, 0.44787644787644787, 0.23901387404474675)","(0.3497536945812808, 16.715814506539836, 0.3531746031746032)"
1652,"(0.6918103448275862, 0.44787644787644787, 0.23901387404474675)","(0.3497536945812808, 16.715814506539836, 0.3531746031746032)"
1653,"(0.6918103448275862, 0.44787644787644787, 0.23901387404474675)","(0.3497536945812808, 16.715814506539836, 0.3531746031746032)"
1654,"(0.6918103448275862, 0.44787644787644787, 0.23901387404474675)","(0.3497536945812808, 16.715814506539836, 0.3531746031746032)"
1655,"(0.6918103448275862, 0.44787644787644787, 0.23901387404474675)","(0.3497536945812808, 16.715814506539836, 0.3531746031746032)"
1656,"(0.6918103448275862, 0.44787644787644787, 0.23901387404474675)","(0.3497536945812808, 16.715814506539836, 0.3531746031746032)"
1657,"(0.6918103448275862, 0.44787644787644787, 0.23901387404474675)","(0.3497536945812808, 16.715814506539836, 0.3531746031746032)"
1658,"(0.6918103448275862, 0.44787644787644787, 0.23901387404474675)","(0.3497536945812808, 16.715814506539836, 0.3531746031746032)"
1659,"(0.6918103448275862, 0.44787644787644787, 0.23901387404474675)","(0.3497536945812808, 16.715814506539836, 0.3531746031746032)"
1660,"(0.6918103448275862, 0.44787644787644787, 0.23901387404474675)","(0.3497536945812808, 16.715814506539836, 0.3531746031746032)"
1661,"(0.6918103448275862, 0.44787644787644787, 0.23901387404474675)","(0.3497536945812808, 16.715814506539836, 0.3531746031746032)"
1662,"(0.6918103448275862, 0.44787644787644787, 0.23901387404474675)","(0.3497536945812808, 16.715814506539836, 0.3531746031746032)"
1663,"(0.6918103448275862, 0.44787644787644787, 0.23901387404474675)","(0.3497536945812808, 16.715814506539836, 0.3531746031746032)"
1664,"(0.6918103448275862, 0.44787644787644787, 0.23901387404474675)","(0.3497536945812808, 16.715814506539836, 0.3531746031746032)"
1665,"(0.6918103448275862, 0.44787644787644787, 0.23901387404474675)","(0.3497536945812808, 16.715814506539836, 0.3531746031746032)"
1666,"(0.6918103448275862, 0.44787644787644787, 0.23901387404474675)","(0.3497536945812808, 16.715814506539836, 0.3531746031746032)"
1667,"(0.6896551724137931, 0.4461538461538462, 0.2358371588576079)","(0.3522167487684729, 17.084423305588583, 0.3505291005291005)"
1668,"(0.6896551724137931, 0.4461538461538462, 0.2358371588576079)","(0.3522167487684729, 17.084423305588583, 0.3505291005291005)"
1669,"(0.6896551724137931, 0.4461538461538462, 0.2358371588576079)","(0.3522167487684729, 17.084423305588583, 0.3505291005291005)"
1670,"(0.6896551724137931, 0.4461538461538462, 0.2358371588576079)","(0.3522167487684729, 17.084423305588583, 0.3505291005291005)"
1671,"(0.6896551724137931, 0.4461538461538462, 0.2358371588576079)","(0.3522167487684729, 17.084423305588583, 0.3505291005291005)"
1672,"(0.6896551724137931, 0.4461538461538462, 0.2358371588576079)","(0.3522167487684729, 17.084423305588583, 0.3505291005291005)"
1673,"(0.6875, 0.4444444444444444, 0.23267875140119362)","(0.35467980295566504, 17.098692033293695, 0.3478835978835979)"
1674,"(0.6875, 0.4444444444444444, 0.23267875140119362)","(0.35467980295566504, 17.098692033293695, 0.3478835978835979)"
1675,"(0.6875, 0.4444444444444444, 0.23267875140119362)","(0.35467980295566504, 17.098692033293695, 0.3478835978835979)"
1676,"(0.6875, 0.4444444444444444, 0.23267875140119362)","(0.35467980295566504, 17.098692033293695, 0.3478835978835979)"
1677,"(0.6875, 0.4444444444444444, 0.23267875140119362)","(0.35467980295566504, 17.098692033293695, 0.3478835978835979)"
1678,"(0.6875, 0.4444444444444444, 0.23267875140119362)","(0.35467980295566504, 17.098692033293695, 0.3478835978835979)"
1679,"(0.6875, 0.4444444444444444, 0.23267875140119362)","(0.35467980295566504, 17.098692033293695, 0.3478835978835979)"
1680,"(0.6853448275862069, 0.44274809160305345, 0.22953827154896314)","(0.35714285714285715, 17.379310344827587, 0.34523809523809523)"
1681,"(0.6853448275862069, 0.44274809160305345, 0.22953827154896314)","(0.35714285714285715, 17.379310344827587, 0.34523809523809523)"
1682,"(0.6853448275862069, 0.44274809160305345, 0.22953827154896314)","(0.35714285714285715, 17.379310344827587, 0.34523809523809523)"
1683,"(0.6853448275862069, 0.44274809160305345, 0.22953827154896314)","(0.35714285714285715, 17.379310344827587, 0.34523809523809523)"
1684,"(0.6853448275862069, 0.44274809160305345, 0.22953827154896314)","(0.35714285714285715, 17.379310344827587, 0.34523809523809523)"
1685,"(0.6853448275862069, 0.44274809160305345, 0.22953827154896314)","(0.35714285714285715, 17.379310344827587, 0.34523809523809523)"
1686,"(0.6853448275862069, 0.44274809160305345, 0.22953827154896314)","(0.35714285714285715, 17.379310344827587, 0.34523809523809523)"
1687,"(0.6853448275862069, 0.44274809160305345, 0.22953827154896314)","(0.35714285714285715, 17.379310344827587, 0.34523809523809523)"
1688,"(0.6853448275862069, 0.44274809160305345, 0.22953827154896314)","(0.35714285714285715, 17.379310344827587, 0.34523809523809523)"
1689,"(0.6831896551724138, 0.44106463878326996, 0.2264153473108061)","(0.35960591133004927, 16.89179548156956, 0.3425925925925926)"
1690,"(0.6831896551724138, 0.44106463878326996, 0.2264153473108061)","(0.35960591133004927, 16.89179548156956, 0.3425925925925926)"
1691,"(0.6831896551724138, 0.44106463878326996, 0.2264153473108061)","(0.35960591133004927, 16.89179548156956, 0.3425925925925926)"
1692,"(0.6831896551724138, 0.44106463878326996, 0.2264153473108061)","(0.35960591133004927, 16.89179548156956, 0.3425925925925926)"
1693,"(0.6831896551724138, 0.44106463878326996, 0.2264153473108061)","(0.35960591133004927, 16.89179548156956, 0.3425925925925926)"
1694,"(0.6831896551724138, 0.44106463878326996, 0.2264153473108061)","(0.35960591133004927, 16.89179548156956, 0.3425925925925926)"
1695,"(0.6831896551724138, 0.44106463878326996, 0.2264153473108061)","(0.35960591133004927, 16.89179548156956, 0.3425925925925926)"
1696,"(0.6831896551724138, 0.44106463878326996, 0.2264153473108061)","(0.35960591133004927, 16.89179548156956, 0.3425925925925926)"
1697,"(0.6831896551724138, 0.44106463878326996, 0.2264153473108061)","(0.35960591133004927, 16.89179548156956, 0.3425925925925926)"
1698,"(0.6831896551724138, 0.44106463878326996, 0.2264153473108061)","(0.35960591133004927, 16.89179548156956, 0.3425925925925926)"
1699,"(0.6831896551724138, 0.44106463878326996, 0.2264153473108061)","(0.35960591133004927, 16.89179548156956, 0.3425925925925926)"
1700,"(0.6831896551724138, 0.44106463878326996, 0.2264153473108061)","(0.35960591133004927, 16.89179548156956, 0.3425925925925926)"
1701,"(0.6831896551724138, 0.44106463878326996, 0.2264153473108061)","(0.35960591133004927, 16.89179548156956, 0.3425925925925926)"
1702,"(0.6831896551724138, 0.44106463878326996, 0.2264153473108061)","(0.35960591133004927, 16.89179548156956, 0.3425925925925926)"
1703,"(0.6831896551724138, 0.44106463878326996, 0.2264153473108061)","(0.35960591133004927, 16.89179548156956, 0.3425925925925926)"
1704,"(0.6831896551724138, 0.44106463878326996, 0.2264153473108061)","(0.35960591133004927, 16.89179548156956, 0.3425925925925926)"
1705,"(0.6831896551724138, 0.44106463878326996, 0.2264153473108061)","(0.35960591133004927, 16.89179548156956, 0.3425925925925926)"
1706,"(0.6831896551724138, 0.44106463878326996, 0.2264153473108061)","(0.35960591133004927, 16.89179548156956, 0.3425925925925926)"
1707,"(0.6831896551724138, 0.44106463878326996, 0.2264153473108061)","(0.35960591133004927, 16.89179548156956, 0.3425925925925926)"
1708,"(0.6831896551724138, 0.44106463878326996, 0.2264153473108061)","(0.35960591133004927, 16.89179548156956, 0.3425925925925926)"
1709,"(0.6831896551724138, 0.44106463878326996, 0.2264153473108061)","(0.35960591133004927, 16.89179548156956, 0.3425925925925926)"
1710,"(0.6831896551724138, 0.44106463878326996, 0.2264153473108061)","(0.35960591133004927, 16.89179548156956, 0.3425925925925926)"
1711,"(0.6831896551724138, 0.44106463878326996, 0.2264153473108061)","(0.35960591133004927, 16.89179548156956, 0.3425925925925926)"
1712,"(0.6831896551724138, 0.44106463878326996, 0.2264153473108061)","(0.35960591133004927, 16.89179548156956, 0.3425925925925926)"
1713,"(0.6831896551724138, 0.44106463878326996, 0.2264153473108061)","(0.35960591133004927, 16.89179548156956, 0.3425925925925926)"
1714,"(0.6810344827586207, 0.4351145038167939, 0.21883094692860336)","(0.35714285714285715, 16.82758620689655, 0.34523809523809523)"
1715,"(0.6810344827586207, 0.4351145038167939, 0.21883094692860336)","(0.35714285714285715, 16.82758620689655, 0.34523809523809523)"
1716,"(0.6810344827586207, 0.4351145038167939, 0.21883094692860336)","(0.35714285714285715, 16.82758620689655, 0.34523809523809523)"
1717,"(0.6810344827586207, 0.4351145038167939, 0.21883094692860336)","(0.35714285714285715, 16.82758620689655, 0.34523809523809523)"
1718,"(0.6810344827586207, 0.4351145038167939, 0.21883094692860336)","(0.35714285714285715, 16.82758620689655, 0.34523809523809523)"
1719,"(0.6810344827586207, 0.4351145038167939, 0.21883094692860336)","(0.35714285714285715, 16.82758620689655, 0.34523809523809523)"
1720,"(0.6810344827586207, 0.4351145038167939, 0.21883094692860336)","(0.35714285714285715, 16.82758620689655, 0.34523809523809523)"
1721,"(0.6810344827586207, 0.4351145038167939, 0.21883094692860336)","(0.35714285714285715, 16.82758620689655, 0.34523809523809523)"
1722,"(0.6810344827586207, 0.4351145038167939, 0.21883094692860336)","(0.35714285714285715, 16.82758620689655, 0.34523809523809523)"
1723,"(0.6810344827586207, 0.4351145038167939, 0.21883094692860336)","(0.35714285714285715, 16.82758620689655, 0.34523809523809523)"
1724,"(0.6810344827586207, 0.4351145038167939, 0.21883094692860336)","(0.35714285714285715, 16.82758620689655, 0.34523809523809523)"
1725,"(0.6810344827586207, 0.4351145038167939, 0.21883094692860336)","(0.35714285714285715, 16.82758620689655, 0.34523809523809523)"
1726,"(0.6810344827586207, 0.4351145038167939, 0.21883094692860336)","(0.35714285714285715, 16.82758620689655, 0.34523809523809523)"
1727,"(0.6810344827586207, 0.4351145038167939, 0.21883094692860336)","(0.35714285714285715, 16.82758620689655, 0.34523809523809523)"
1728,"(0.6810344827586207, 0.4351145038167939, 0.21883094692860336)","(0.35714285714285715, 16.82758620689655, 0.34523809523809523)"
1729,"(0.6810344827586207, 0.4351145038167939, 0.21883094692860336)","(0.35714285714285715, 16.82758620689655, 0.34523809523809523)"
1730,"(0.6810344827586207, 0.4351145038167939, 0.21883094692860336)","(0.35714285714285715, 16.82758620689655, 0.34523809523809523)"
1731,"(0.6810344827586207, 0.4351145038167939, 0.21883094692860336)","(0.35714285714285715, 16.82758620689655, 0.34523809523809523)"
1732,"(0.6788793103448276, 0.42911877394636017, 0.2112234770271567)","(0.35467980295566504, 17.30558858501783, 0.3478835978835979)"
1733,"(0.6788793103448276, 0.42911877394636017, 0.2112234770271567)","(0.35467980295566504, 17.30558858501783, 0.3478835978835979)"
1734,"(0.6788793103448276, 0.42911877394636017, 0.2112234770271567)","(0.35467980295566504, 17.30558858501783, 0.3478835978835979)"
1735,"(0.6788793103448276, 0.42911877394636017, 0.2112234770271567)","(0.35467980295566504, 17.30558858501783, 0.3478835978835979)"
1736,"(0.6788793103448276, 0.42911877394636017, 0.2112234770271567)","(0.35467980295566504, 17.30558858501783, 0.3478835978835979)"
1737,"(0.6788793103448276, 0.42911877394636017, 0.2112234770271567)","(0.35467980295566504, 17.30558858501783, 0.3478835978835979)"
1738,"(0.6788793103448276, 0.42911877394636017, 0.2112234770271567)","(0.35467980295566504, 17.30558858501783, 0.3478835978835979)"
1739,"(0.6788793103448276, 0.42911877394636017, 0.2112234770271567)","(0.35467980295566504, 17.30558858501783, 0.3478835978835979)"
1740,"(0.6788793103448276, 0.42911877394636017, 0.2112234770271567)","(0.35467980295566504, 17.30558858501783, 0.3478835978835979)"
1741,"(0.6788793103448276, 0.42911877394636017, 0.2112234770271567)","(0.35467980295566504, 17.30558858501783, 0.3478835978835979)"
1742,"(0.6788793103448276, 0.42911877394636017, 0.2112234770271567)","(0.35467980295566504, 17.30558858501783, 0.3478835978835979)"
1743,"(0.6788793103448276, 0.42911877394636017, 0.2112234770271567)","(0.35467980295566504, 17.30558858501783, 0.3478835978835979)"
1744,"(0.6788793103448276, 0.42911877394636017, 0.2112234770271567)","(0.35467980295566504, 17.30558858501783, 0.3478835978835979)"
1745,"(0.6788793103448276, 0.42911877394636017, 0.2112234770271567)","(0.35467980295566504, 17.30558858501783, 0.3478835978835979)"
1746,"(0.6788793103448276, 0.42911877394636017, 0.2112234770271567)","(0.35467980295566504, 17.30558858501783, 0.3478835978835979)"
1747,"(0.6788793103448276, 0.42911877394636017, 0.2112234770271567)","(0.35467980295566504, 17.30558858501783, 0.3478835978835979)"
1748,"(0.6788793103448276, 0.42911877394636017, 0.2112234770271567)","(0.35467980295566504, 17.30558858501783, 0.3478835978835979)"
1749,"(0.6788793103448276, 0.42911877394636017, 0.2112234770271567)","(0.35467980295566504, 17.30558858501783, 0.3478835978835979)"
1750,"(0.6788793103448276, 0.42911877394636017, 0.2112234770271567)","(0.35467980295566504, 17.30558858501783, 0.3478835978835979)"
1751,"(0.6788793103448276, 0.42911877394636017, 0.2112234770271567)","(0.35467980295566504, 17.30558858501783, 0.3478835978835979)"
1752,"(0.6788793103448276, 0.42911877394636017, 0.2112234770271567)","(0.35467980295566504, 17.30558858501783, 0.3478835978835979)"
1753,"(0.6810344827586207, 0.4351145038167939, 0.21883094692860336)","(0.35714285714285715, 17.24137931034483, 0.34523809523809523)"
1754,"(0.6788793103448276, 0.43346007604562736, 0.21572799012339877)","(0.35960591133004927, 17.78834720570749, 0.38095238095238093)"
1755,"(0.6788793103448276, 0.43346007604562736, 0.21572799012339877)","(0.35960591133004927, 17.78834720570749, 0.38095238095238093)"
1756,"(0.6767241379310345, 0.4318181818181818, 0.21264188460927194)","(0.3620689655172414, 17.980975029726515, 0.3783068783068783)"
1757,"(0.6767241379310345, 0.4318181818181818, 0.21264188460927194)","(0.3620689655172414, 17.980975029726515, 0.3783068783068783)"
1758,"(0.6767241379310345, 0.4318181818181818, 0.21264188460927194)","(0.3620689655172414, 17.980975029726515, 0.3783068783068783)"
1759,"(0.6767241379310345, 0.4318181818181818, 0.21264188460927194)","(0.3620689655172414, 17.980975029726515, 0.3783068783068783)"
1760,"(0.6767241379310345, 0.4318181818181818, 0.21264188460927194)","(0.3620689655172414, 17.980975029726515, 0.3783068783068783)"
1761,"(0.6767241379310345, 0.4318181818181818, 0.21264188460927194)","(0.3620689655172414, 17.980975029726515, 0.3783068783068783)"
1762,"(0.6767241379310345, 0.4318181818181818, 0.21264188460927194)","(0.3620689655172414, 17.980975029726515, 0.3783068783068783)"
1763,"(0.6767241379310345, 0.4318181818181818, 0.21264188460927194)","(0.3620689655172414, 17.980975029726515, 0.3783068783068783)"
1764,"(0.6767241379310345, 0.4318181818181818, 0.21264188460927194)","(0.3620689655172414, 17.980975029726515, 0.3783068783068783)"
1765,"(0.6767241379310345, 0.4318181818181818, 0.21264188460927194)","(0.3620689655172414, 17.980975029726515, 0.3783068783068783)"
1766,"(0.6767241379310345, 0.4318181818181818, 0.21264188460927194)","(0.3620689655172414, 17.980975029726515, 0.3783068783068783)"
1767,"(0.6767241379310345, 0.4318181818181818, 0.21264188460927194)","(0.3620689655172414, 17.980975029726515, 0.3783068783068783)"
1768,"(0.6767241379310345, 0.4318181818181818, 0.21264188460927194)","(0.3620689655172414, 17.980975029726515, 0.3783068783068783)"
1769,"(0.6767241379310345, 0.4318181818181818, 0.21264188460927194)","(0.3620689655172414, 17.980975029726515, 0.3783068783068783)"
1770,"(0.6767241379310345, 0.4318181818181818, 0.21264188460927194)","(0.3620689655172414, 17.980975029726515, 0.3783068783068783)"
1771,"(0.6767241379310345, 0.4318181818181818, 0.21264188460927194)","(0.3620689655172414, 17.980975029726515, 0.3783068783068783)"
1772,"(0.6767241379310345, 0.4318181818181818, 0.21264188460927194)","(0.3620689655172414, 17.980975029726515, 0.3783068783068783)"
1773,"(0.6767241379310345, 0.4318181818181818, 0.21264188460927194)","(0.3620689655172414, 17.980975029726515, 0.3783068783068783)"
1774,"(0.6767241379310345, 0.4318181818181818, 0.21264188460927194)","(0.3620689655172414, 17.980975029726515, 0.3783068783068783)"
1775,"(0.6767241379310345, 0.4318181818181818, 0.21264188460927194)","(0.3620689655172414, 17.980975029726515, 0.3783068783068783)"
1776,"(0.6767241379310345, 0.4318181818181818, 0.21264188460927194)","(0.3620689655172414, 17.980975029726515, 0.3783068783068783)"
1777,"(0.6767241379310345, 0.4318181818181818, 0.21264188460927194)","(0.3620689655172414, 17.980975029726515, 0.3783068783068783)"
1778,"(0.6767241379310345, 0.4318181818181818, 0.21264188460927194)","(0.3620689655172414, 17.980975029726515, 0.3783068783068783)"
1779,"(0.6767241379310345, 0.4318181818181818, 0.21264188460927194)","(0.3620689655172414, 17.980975029726515, 0.3783068783068783)"
1780,"(0.6767241379310345, 0.4318181818181818, 0.21264188460927194)","(0.3620689655172414, 17.980975029726515, 0.3783068783068783)"
1781,"(0.6767241379310345, 0.4318181818181818, 0.21264188460927194)","(0.3620689655172414, 17.980975029726515, 0.3783068783068783)"
1782,"(0.6767241379310345, 0.4318181818181818, 0.21264188460927194)","(0.3620689655172414, 17.980975029726515, 0.3783068783068783)"
1783,"(0.6767241379310345, 0.4318181818181818, 0.21264188460927194)","(0.3620689655172414, 17.980975029726515, 0.3783068783068783)"
1784,"(0.6767241379310345, 0.4318181818181818, 0.21264188460927194)","(0.3620689655172414, 17.980975029726515, 0.3783068783068783)"
1785,"(0.6767241379310345, 0.4318181818181818, 0.21264188460927194)","(0.3620689655172414, 17.980975029726515, 0.3783068783068783)"
1786,"(0.6767241379310345, 0.4318181818181818, 0.21264188460927194)","(0.3620689655172414, 17.980975029726515, 0.3783068783068783)"
1787,"(0.6767241379310345, 0.4318181818181818, 0.21264188460927194)","(0.3620689655172414, 17.980975029726515, 0.3783068783068783)"
1788,"(0.6767241379310345, 0.4318181818181818, 0.21264188460927194)","(0.3620689655172414, 17.980975029726515, 0.3783068783068783)"
1789,"(0.6767241379310345, 0.4318181818181818, 0.21264188460927194)","(0.3620689655172414, 17.980975029726515, 0.3783068783068783)"
1790,"(0.6767241379310345, 0.4318181818181818, 0.21264188460927194)","(0.3620689655172414, 17.980975029726515, 0.3783068783068783)"
1791,"(0.6767241379310345, 0.4318181818181818, 0.21264188460927194)","(0.3620689655172414, 17.980975029726515, 0.3783068783068783)"
1792,"(0.6767241379310345, 0.4318181818181818, 0.21264188460927194)","(0.3620689655172414, 17.980975029726515, 0.3783068783068783)"
1793,"(0.6767241379310345, 0.4318181818181818, 0.21264188460927194)","(0.3620689655172414, 17.980975029726515, 0.3783068783068783)"
1794,"(0.6767241379310345, 0.4318181818181818, 0.21264188460927194)","(0.3620689655172414, 17.980975029726515, 0.3783068783068783)"
1795,"(0.6767241379310345, 0.4318181818181818, 0.21264188460927194)","(0.3620689655172414, 17.980975029726515, 0.3783068783068783)"
1796,"(0.6767241379310345, 0.4318181818181818, 0.21264188460927194)","(0.3620689655172414, 17.980975029726515, 0.3783068783068783)"
1797,"(0.6767241379310345, 0.4318181818181818, 0.21264188460927194)","(0.3620689655172414, 17.980975029726515, 0.3783068783068783)"
1798,"(0.6767241379310345, 0.4318181818181818, 0.21264188460927194)","(0.3620689655172414, 17.980975029726515, 0.3783068783068783)"
1799,"(0.6788793103448276, 0.4377358490566038, 0.22022071686317293)","(0.3645320197044335, 17.405469678953622, 0.37566137566137564)"
1800,"(0.6788793103448276, 0.4377358490566038, 0.22022071686317293)","(0.3645320197044335, 17.405469678953622, 0.37566137566137564)"
1801,"(0.6788793103448276, 0.4377358490566038, 0.22022071686317293)","(0.3645320197044335, 17.405469678953622, 0.37566137566137564)"
1802,"(0.6767241379310345, 0.43609022556390975, 0.21714830508495833)","(0.3669950738916256, 17.7859690844233, 0.373015873015873)"
1803,"(0.6767241379310345, 0.43609022556390975, 0.21714830508495833)","(0.3669950738916256, 17.7859690844233, 0.373015873015873)"
1804,"(0.6767241379310345, 0.43609022556390975, 0.21714830508495833)","(0.3669950738916256, 17.7859690844233, 0.373015873015873)"
1805,"(0.6767241379310345, 0.43609022556390975, 0.21714830508495833)","(0.3669950738916256, 17.7859690844233, 0.373015873015873)"
1806,"(0.6767241379310345, 0.43609022556390975, 0.21714830508495833)","(0.3669950738916256, 17.7859690844233, 0.373015873015873)"
1807,"(0.6767241379310345, 0.43609022556390975, 0.21714830508495833)","(0.3669950738916256, 17.7859690844233, 0.373015873015873)"
1808,"(0.6767241379310345, 0.43609022556390975, 0.21714830508495833)","(0.3669950738916256, 17.7859690844233, 0.373015873015873)"
1809,"(0.6767241379310345, 0.43609022556390975, 0.21714830508495833)","(0.3669950738916256, 17.7859690844233, 0.373015873015873)"
1810,"(0.6767241379310345, 0.43609022556390975, 0.21714830508495833)","(0.3669950738916256, 17.7859690844233, 0.373015873015873)"
1811,"(0.6767241379310345, 0.43609022556390975, 0.21714830508495833)","(0.3669950738916256, 17.7859690844233, 0.373015873015873)"
1812,"(0.6767241379310345, 0.43609022556390975, 0.21714830508495833)","(0.3669950738916256, 17.7859690844233, 0.373015873015873)"
1813,"(0.6767241379310345, 0.43609022556390975, 0.21714830508495833)","(0.3669950738916256, 17.7859690844233, 0.373015873015873)"
1814,"(0.6767241379310345, 0.43609022556390975, 0.21714830508495833)","(0.3669950738916256, 17.7859690844233, 0.373015873015873)"
1815,"(0.6767241379310345, 0.43609022556390975, 0.21714830508495833)","(0.3669950738916256, 17.7859690844233, 0.373015873015873)"
1816,"(0.6767241379310345, 0.43609022556390975, 0.21714830508495833)","(0.3669950738916256, 17.7859690844233, 0.373015873015873)"
1817,"(0.6767241379310345, 0.43609022556390975, 0.21714830508495833)","(0.3669950738916256, 17.7859690844233, 0.373015873015873)"
1818,"(0.6767241379310345, 0.43609022556390975, 0.21714830508495833)","(0.3669950738916256, 17.7859690844233, 0.373015873015873)"
1819,"(0.6767241379310345, 0.43609022556390975, 0.21714830508495833)","(0.3669950738916256, 17.7859690844233, 0.373015873015873)"
1820,"(0.6767241379310345, 0.43609022556390975, 0.21714830508495833)","(0.3669950738916256, 17.7859690844233, 0.373015873015873)"
1821,"(0.6767241379310345, 0.43609022556390975, 0.21714830508495833)","(0.3669950738916256, 17.7859690844233, 0.373015873015873)"
1822,"(0.6767241379310345, 0.43609022556390975, 0.21714830508495833)","(0.3669950738916256, 17.7859690844233, 0.373015873015873)"
1823,"(0.6767241379310345, 0.43609022556390975, 0.21714830508495833)","(0.3669950738916256, 17.7859690844233, 0.373015873015873)"
1824,"(0.6745689655172413, 0.4344569288389513, 0.2140920373134608)","(0.3694581280788177, 17.812128418549346, 0.37037037037037035)"
1825,"(0.6767241379310345, 0.43609022556390975, 0.21714830508495833)","(0.3669950738916256, 17.7859690844233, 0.373015873015873)"
1826,"(0.6767241379310345, 0.43609022556390975, 0.21714830508495833)","(0.3669950738916256, 17.7859690844233, 0.373015873015873)"
1827,"(0.6767241379310345, 0.43609022556390975, 0.21714830508495833)","(0.3669950738916256, 17.7859690844233, 0.373015873015873)"
1828,"(0.6767241379310345, 0.43609022556390975, 0.21714830508495833)","(0.3669950738916256, 17.7859690844233, 0.373015873015873)"
1829,"(0.6767241379310345, 0.43609022556390975, 0.21714830508495833)","(0.3669950738916256, 17.7859690844233, 0.373015873015873)"
1830,"(0.6745689655172413, 0.4344569288389513, 0.2140920373134608)","(0.3694581280788177, 17.812128418549346, 0.37037037037037035)"
1831,"(0.6745689655172413, 0.4344569288389513, 0.2140920373134608)","(0.3694581280788177, 17.812128418549346, 0.37037037037037035)"
1832,"(0.6745689655172413, 0.4344569288389513, 0.2140920373134608)","(0.3694581280788177, 17.812128418549346, 0.37037037037037035)"
1833,"(0.6745689655172413, 0.4344569288389513, 0.2140920373134608)","(0.3694581280788177, 17.812128418549346, 0.37037037037037035)"
1834,"(0.6745689655172413, 0.4344569288389513, 0.2140920373134608)","(0.3694581280788177, 17.812128418549346, 0.37037037037037035)"
1835,"(0.6745689655172413, 0.4344569288389513, 0.2140920373134608)","(0.3694581280788177, 17.812128418549346, 0.37037037037037035)"
1836,"(0.6767241379310345, 0.43609022556390975, 0.21714830508495833)","(0.3669950738916256, 18.33769322235434, 0.373015873015873)"
1837,"(0.6767241379310345, 0.44029850746268656, 0.22164410775940552)","(0.37192118226600984, 19.966706302021407, 0.36772486772486773)"
1838,"(0.6767241379310345, 0.44029850746268656, 0.22164410775940552)","(0.37192118226600984, 19.966706302021407, 0.36772486772486773)"
1839,"(0.6767241379310345, 0.44029850746268656, 0.22164410775940552)","(0.37192118226600984, 19.966706302021407, 0.36772486772486773)"
1840,"(0.6767241379310345, 0.44029850746268656, 0.22164410775940552)","(0.37192118226600984, 19.966706302021407, 0.36772486772486773)"
1841,"(0.6767241379310345, 0.44029850746268656, 0.22164410775940552)","(0.37192118226600984, 19.966706302021407, 0.36772486772486773)"
1842,"(0.6767241379310345, 0.44029850746268656, 0.22164410775940552)","(0.37192118226600984, 19.966706302021407, 0.36772486772486773)"
1843,"(0.6767241379310345, 0.44029850746268656, 0.22164410775940552)","(0.37192118226600984, 19.966706302021407, 0.36772486772486773)"
1844,"(0.6767241379310345, 0.44029850746268656, 0.22164410775940552)","(0.37192118226600984, 19.966706302021407, 0.36772486772486773)"
1845,"(0.6767241379310345, 0.44029850746268656, 0.22164410775940552)","(0.37192118226600984, 19.966706302021407, 0.36772486772486773)"
1846,"(0.6767241379310345, 0.44029850746268656, 0.22164410775940552)","(0.37192118226600984, 19.966706302021407, 0.36772486772486773)"
1847,"(0.6767241379310345, 0.44029850746268656, 0.22164410775940552)","(0.37192118226600984, 19.966706302021407, 0.36772486772486773)"
1848,"(0.6767241379310345, 0.44029850746268656, 0.22164410775940552)","(0.37192118226600984, 19.966706302021407, 0.36772486772486773)"
1849,"(0.6767241379310345, 0.44029850746268656, 0.22164410775940552)","(0.37192118226600984, 19.966706302021407, 0.36772486772486773)"
1850,"(0.6788793103448276, 0.4419475655430712, 0.22470287958150673)","(0.3694581280788177, 20.019024970273488, 0.37037037037037035)"
1851,"(0.6788793103448276, 0.4419475655430712, 0.22470287958150673)","(0.3694581280788177, 20.019024970273488, 0.37037037037037035)"
1852,"(0.6788793103448276, 0.4419475655430712, 0.22470287958150673)","(0.3694581280788177, 20.019024970273488, 0.37037037037037035)"
1853,"(0.6788793103448276, 0.4419475655430712, 0.22470287958150673)","(0.3694581280788177, 20.019024970273488, 0.37037037037037035)"
1854,"(0.6767241379310345, 0.44029850746268656, 0.22164410775940552)","(0.37192118226600984, 19.966706302021407, 0.36772486772486773)"
1855,"(0.6767241379310345, 0.44029850746268656, 0.22164410775940552)","(0.37192118226600984, 19.966706302021407, 0.36772486772486773)"
1856,"(0.6767241379310345, 0.44029850746268656, 0.22164410775940552)","(0.37192118226600984, 19.966706302021407, 0.36772486772486773)"
1857,"(0.6767241379310345, 0.44029850746268656, 0.22164410775940552)","(0.37192118226600984, 19.966706302021407, 0.36772486772486773)"
1858,"(0.6767241379310345, 0.44029850746268656, 0.22164410775940552)","(0.37192118226600984, 19.966706302021407, 0.36772486772486773)"
1859,"(0.6767241379310345, 0.44029850746268656, 0.22164410775940552)","(0.37192118226600984, 19.966706302021407, 0.36772486772486773)"
1860,"(0.6767241379310345, 0.44029850746268656, 0.22164410775940552)","(0.37192118226600984, 19.966706302021407, 0.36772486772486773)"
1861,"(0.6788793103448276, 0.4419475655430712, 0.22470287958150673)","(0.3694581280788177, 20.019024970273488, 0.37037037037037035)"
1862,"(0.6788793103448276, 0.4419475655430712, 0.22470287958150673)","(0.3694581280788177, 20.019024970273488, 0.37037037037037035)"
1863,"(0.6788793103448276, 0.4419475655430712, 0.22470287958150673)","(0.3694581280788177, 20.019024970273488, 0.37037037037037035)"
1864,"(0.6788793103448276, 0.4419475655430712, 0.22470287958150673)","(0.3694581280788177, 20.019024970273488, 0.37037037037037035)"
1865,"(0.6788793103448276, 0.4419475655430712, 0.22470287958150673)","(0.3694581280788177, 20.019024970273488, 0.37037037037037035)"
1866,"(0.6788793103448276, 0.4419475655430712, 0.22470287958150673)","(0.3694581280788177, 20.019024970273488, 0.37037037037037035)"
1867,"(0.6788793103448276, 0.4419475655430712, 0.22470287958150673)","(0.3694581280788177, 20.019024970273488, 0.37037037037037035)"
1868,"(0.6788793103448276, 0.4419475655430712, 0.22470287958150673)","(0.3694581280788177, 20.019024970273488, 0.37037037037037035)"
1869,"(0.6767241379310345, 0.44029850746268656, 0.22164410775940552)","(0.37192118226600984, 19.828775267538646, 0.36772486772486773)"
1870,"(0.6745689655172413, 0.43866171003717475, 0.21860113415370616)","(0.37438423645320196, 19.28418549346016, 0.36507936507936506)"
1871,"(0.6724137931034483, 0.43703703703703706, 0.21557363281393896)","(0.3768472906403941, 19.626634958382876, 0.4007936507936508)"
1872,"(0.6724137931034483, 0.43703703703703706, 0.21557363281393896)","(0.3768472906403941, 19.626634958382876, 0.4007936507936508)"
1873,"(0.6724137931034483, 0.43703703703703706, 0.21557363281393896)","(0.3768472906403941, 19.626634958382876, 0.4007936507936508)"
1874,"(0.6724137931034483, 0.43703703703703706, 0.21557363281393896)","(0.3768472906403941, 19.626634958382876, 0.4007936507936508)"
1875,"(0.6745689655172413, 0.43866171003717475, 0.21860113415370616)","(0.37438423645320196, 19.28418549346016, 0.36507936507936506)"
1876,"(0.6745689655172413, 0.43866171003717475, 0.21860113415370616)","(0.37438423645320196, 19.28418549346016, 0.36507936507936506)"
1877,"(0.6745689655172413, 0.43866171003717475, 0.21860113415370616)","(0.37438423645320196, 19.28418549346016, 0.36507936507936506)"
1878,"(0.6745689655172413, 0.43866171003717475, 0.21860113415370616)","(0.37438423645320196, 19.28418549346016, 0.36507936507936506)"
1879,"(0.6745689655172413, 0.43866171003717475, 0.21860113415370616)","(0.37438423645320196, 19.28418549346016, 0.36507936507936506)"
1880,"(0.6745689655172413, 0.43866171003717475, 0.21860113415370616)","(0.37438423645320196, 19.28418549346016, 0.36507936507936506)"
1881,"(0.6745689655172413, 0.43866171003717475, 0.21860113415370616)","(0.37438423645320196, 19.28418549346016, 0.36507936507936506)"
1882,"(0.6745689655172413, 0.43866171003717475, 0.21860113415370616)","(0.37438423645320196, 19.28418549346016, 0.36507936507936506)"
1883,"(0.6745689655172413, 0.43866171003717475, 0.21860113415370616)","(0.37438423645320196, 19.28418549346016, 0.36507936507936506)"
1884,"(0.6724137931034483, 0.43703703703703706, 0.21557363281393896)","(0.3768472906403941, 19.626634958382876, 0.4007936507936508)"
1885,"(0.6724137931034483, 0.43703703703703706, 0.21557363281393896)","(0.3768472906403941, 19.626634958382876, 0.4007936507936508)"
1886,"(0.6724137931034483, 0.43703703703703706, 0.21557363281393896)","(0.3768472906403941, 19.626634958382876, 0.4007936507936508)"
1887,"(0.6724137931034483, 0.43703703703703706, 0.21557363281393896)","(0.3768472906403941, 19.626634958382876, 0.4007936507936508)"
1888,"(0.6724137931034483, 0.43703703703703706, 0.21557363281393896)","(0.3768472906403941, 19.626634958382876, 0.4007936507936508)"
1889,"(0.6724137931034483, 0.43703703703703706, 0.21557363281393896)","(0.3768472906403941, 19.626634958382876, 0.4007936507936508)"
1890,"(0.6724137931034483, 0.43703703703703706, 0.21557363281393896)","(0.3768472906403941, 19.626634958382876, 0.4007936507936508)"
1891,"(0.6724137931034483, 0.43703703703703706, 0.21557363281393896)","(0.3768472906403941, 19.626634958382876, 0.4007936507936508)"
1892,"(0.6724137931034483, 0.43703703703703706, 0.21557363281393896)","(0.3768472906403941, 19.626634958382876, 0.4007936507936508)"
1893,"(0.6724137931034483, 0.43703703703703706, 0.21557363281393896)","(0.3768472906403941, 19.626634958382876, 0.4007936507936508)"
1894,"(0.6724137931034483, 0.43703703703703706, 0.21557363281393896)","(0.3768472906403941, 19.626634958382876, 0.4007936507936508)"
1895,"(0.6724137931034483, 0.43703703703703706, 0.21557363281393896)","(0.3768472906403941, 19.626634958382876, 0.4007936507936508)"
1896,"(0.6724137931034483, 0.43703703703703706, 0.21557363281393896)","(0.3768472906403941, 19.626634958382876, 0.4007936507936508)"
1897,"(0.6724137931034483, 0.43703703703703706, 0.21557363281393896)","(0.3768472906403941, 19.626634958382876, 0.4007936507936508)"
1898,"(0.6724137931034483, 0.43703703703703706, 0.21557363281393896)","(0.3768472906403941, 19.626634958382876, 0.4007936507936508)"
1899,"(0.6702586206896551, 0.4354243542435424, 0.2125612842144574)","(0.3793103448275862, 20.304399524375743, 0.4365079365079365)"
1900,"(0.6702586206896551, 0.4354243542435424, 0.2125612842144574)","(0.3793103448275862, 20.304399524375743, 0.4365079365079365)"
1901,"(0.6702586206896551, 0.4354243542435424, 0.2125612842144574)","(0.3793103448275862, 20.304399524375743, 0.4365079365079365)"
1902,"(0.6702586206896551, 0.4354243542435424, 0.2125612842144574)","(0.3793103448275862, 20.304399524375743, 0.4365079365079365)"
1903,"(0.6702586206896551, 0.4354243542435424, 0.2125612842144574)","(0.3793103448275862, 20.304399524375743, 0.4365079365079365)"
1904,"(0.6702586206896551, 0.4354243542435424, 0.2125612842144574)","(0.3793103448275862, 20.304399524375743, 0.4365079365079365)"
1905,"(0.6702586206896551, 0.4354243542435424, 0.2125612842144574)","(0.3793103448275862, 20.304399524375743, 0.4365079365079365)"
1906,"(0.6702586206896551, 0.4354243542435424, 0.2125612842144574)","(0.3793103448275862, 20.304399524375743, 0.4365079365079365)"
1907,"(0.6702586206896551, 0.4354243542435424, 0.2125612842144574)","(0.3793103448275862, 20.304399524375743, 0.4365079365079365)"
1908,"(0.6702586206896551, 0.4354243542435424, 0.2125612842144574)","(0.3793103448275862, 20.304399524375743, 0.4365079365079365)"
1909,"(0.6702586206896551, 0.4354243542435424, 0.2125612842144574)","(0.3793103448275862, 20.304399524375743, 0.4365079365079365)"
1910,"(0.6702586206896551, 0.4354243542435424, 0.2125612842144574)","(0.3793103448275862, 20.304399524375743, 0.4365079365079365)"
1911,"(0.6702586206896551, 0.4354243542435424, 0.2125612842144574)","(0.3793103448275862, 20.304399524375743, 0.4365079365079365)"
1912,"(0.6702586206896551, 0.4354243542435424, 0.2125612842144574)","(0.3793103448275862, 20.304399524375743, 0.4365079365079365)"
1913,"(0.6702586206896551, 0.4354243542435424, 0.2125612842144574)","(0.3793103448275862, 20.304399524375743, 0.4365079365079365)"
1914,"(0.6702586206896551, 0.4354243542435424, 0.2125612842144574)","(0.3793103448275862, 20.304399524375743, 0.4365079365079365)"
1915,"(0.6702586206896551, 0.4354243542435424, 0.2125612842144574)","(0.3793103448275862, 20.304399524375743, 0.4365079365079365)"
1916,"(0.6702586206896551, 0.4354243542435424, 0.2125612842144574)","(0.3793103448275862, 20.304399524375743, 0.4365079365079365)"
1917,"(0.6702586206896551, 0.4354243542435424, 0.2125612842144574)","(0.3793103448275862, 20.304399524375743, 0.4365079365079365)"
1918,"(0.6702586206896551, 0.4354243542435424, 0.2125612842144574)","(0.3793103448275862, 20.304399524375743, 0.4365079365079365)"
1919,"(0.6702586206896551, 0.4354243542435424, 0.2125612842144574)","(0.3793103448275862, 20.304399524375743, 0.4365079365079365)"
1920,"(0.6702586206896551, 0.4354243542435424, 0.2125612842144574)","(0.3793103448275862, 20.304399524375743, 0.4365079365079365)"
1921,"(0.6702586206896551, 0.4354243542435424, 0.2125612842144574)","(0.3793103448275862, 20.304399524375743, 0.4365079365079365)"
1922,"(0.6702586206896551, 0.4354243542435424, 0.2125612842144574)","(0.3793103448275862, 20.304399524375743, 0.4365079365079365)"
1923,"(0.6702586206896551, 0.4354243542435424, 0.2125612842144574)","(0.3793103448275862, 20.304399524375743, 0.4365079365079365)"
1924,"(0.6702586206896551, 0.4354243542435424, 0.2125612842144574)","(0.3793103448275862, 20.304399524375743, 0.4365079365079365)"
1925,"(0.6702586206896551, 0.4354243542435424, 0.2125612842144574)","(0.3793103448275862, 20.304399524375743, 0.4365079365079365)"
1926,"(0.6702586206896551, 0.4354243542435424, 0.2125612842144574)","(0.3793103448275862, 20.304399524375743, 0.4365079365079365)"
1927,"(0.6702586206896551, 0.4354243542435424, 0.2125612842144574)","(0.3793103448275862, 20.304399524375743, 0.4365079365079365)"
1928,"(0.6702586206896551, 0.4354243542435424, 0.2125612842144574)","(0.3793103448275862, 20.304399524375743, 0.4365079365079365)"
1929,"(0.6702586206896551, 0.4354243542435424, 0.2125612842144574)","(0.3793103448275862, 20.304399524375743, 0.4365079365079365)"
1930,"(0.6702586206896551, 0.4354243542435424, 0.2125612842144574)","(0.3793103448275862, 20.304399524375743, 0.4365079365079365)"
1931,"(0.6702586206896551, 0.4354243542435424, 0.2125612842144574)","(0.3793103448275862, 20.304399524375743, 0.4365079365079365)"
1932,"(0.6702586206896551, 0.4354243542435424, 0.2125612842144574)","(0.3793103448275862, 20.304399524375743, 0.4365079365079365)"
1933,"(0.6702586206896551, 0.4354243542435424, 0.2125612842144574)","(0.3793103448275862, 20.304399524375743, 0.4365079365079365)"
1934,"(0.6702586206896551, 0.4354243542435424, 0.2125612842144574)","(0.3793103448275862, 20.304399524375743, 0.4365079365079365)"
1935,"(0.6702586206896551, 0.4354243542435424, 0.2125612842144574)","(0.3793103448275862, 20.304399524375743, 0.4365079365079365)"
1936,"(0.6702586206896551, 0.4354243542435424, 0.2125612842144574)","(0.3793103448275862, 20.304399524375743, 0.4365079365079365)"
1937,"(0.6702586206896551, 0.4354243542435424, 0.2125612842144574)","(0.3793103448275862, 20.304399524375743, 0.4365079365079365)"
1938,"(0.6702586206896551, 0.4354243542435424, 0.2125612842144574)","(0.3793103448275862, 20.304399524375743, 0.4365079365079365)"
1939,"(0.6702586206896551, 0.4354243542435424, 0.2125612842144574)","(0.3793103448275862, 20.304399524375743, 0.4365079365079365)"
1940,"(0.6702586206896551, 0.4354243542435424, 0.2125612842144574)","(0.3793103448275862, 20.304399524375743, 0.4365079365079365)"
1941,"(0.6702586206896551, 0.4354243542435424, 0.2125612842144574)","(0.3793103448275862, 20.304399524375743, 0.4365079365079365)"
1942,"(0.6702586206896551, 0.4354243542435424, 0.2125612842144574)","(0.3793103448275862, 20.304399524375743, 0.4365079365079365)"
1943,"(0.6702586206896551, 0.4354243542435424, 0.2125612842144574)","(0.3793103448275862, 20.304399524375743, 0.4365079365079365)"
1944,"(0.6702586206896551, 0.4354243542435424, 0.2125612842144574)","(0.3793103448275862, 20.304399524375743, 0.4365079365079365)"
1945,"(0.6681034482758621, 0.4338235294117647, 0.20956377505818474)","(0.3817733990147783, 20.420927467300825, 0.43386243386243384)"
1946,"(0.6681034482758621, 0.4338235294117647, 0.20956377505818474)","(0.3817733990147783, 20.420927467300825, 0.43386243386243384)"
1947,"(0.665948275862069, 0.43223443223443225, 0.20658079808702695)","(0.3842364532019704, 20.596908442330566, 0.4312169312169312)"
1948,"(0.665948275862069, 0.43223443223443225, 0.20658079808702695)","(0.3842364532019704, 20.596908442330566, 0.4312169312169312)"
1949,"(0.665948275862069, 0.43223443223443225, 0.20658079808702695)","(0.3842364532019704, 20.596908442330566, 0.4312169312169312)"
1950,"(0.665948275862069, 0.43223443223443225, 0.20658079808702695)","(0.3842364532019704, 20.596908442330566, 0.4312169312169312)"
1951,"(0.665948275862069, 0.43223443223443225, 0.20658079808702695)","(0.3842364532019704, 20.596908442330566, 0.4312169312169312)"
1952,"(0.665948275862069, 0.43223443223443225, 0.20658079808702695)","(0.3842364532019704, 20.596908442330566, 0.4312169312169312)"
1953,"(0.665948275862069, 0.43223443223443225, 0.20658079808702695)","(0.3842364532019704, 20.596908442330566, 0.4312169312169312)"
1954,"(0.665948275862069, 0.43223443223443225, 0.20658079808702695)","(0.3842364532019704, 20.596908442330566, 0.4312169312169312)"
1955,"(0.665948275862069, 0.43223443223443225, 0.20658079808702695)","(0.3842364532019704, 20.596908442330566, 0.4312169312169312)"
1956,"(0.665948275862069, 0.43223443223443225, 0.20658079808702695)","(0.3842364532019704, 20.596908442330566, 0.4312169312169312)"
1957,"(0.665948275862069, 0.43223443223443225, 0.20658079808702695)","(0.3842364532019704, 20.596908442330566, 0.4312169312169312)"
1958,"(0.665948275862069, 0.43223443223443225, 0.20658079808702695)","(0.3842364532019704, 20.596908442330566, 0.4312169312169312)"
1959,"(0.665948275862069, 0.43223443223443225, 0.20658079808702695)","(0.3842364532019704, 20.596908442330566, 0.4312169312169312)"
1960,"(0.665948275862069, 0.43223443223443225, 0.20658079808702695)","(0.3842364532019704, 20.596908442330566, 0.4312169312169312)"
1961,"(0.665948275862069, 0.43223443223443225, 0.20658079808702695)","(0.3842364532019704, 20.596908442330566, 0.4312169312169312)"
1962,"(0.665948275862069, 0.43223443223443225, 0.20658079808702695)","(0.3842364532019704, 20.596908442330566, 0.4312169312169312)"
1963,"(0.665948275862069, 0.43223443223443225, 0.20658079808702695)","(0.3842364532019704, 20.596908442330566, 0.4312169312169312)"
1964,"(0.665948275862069, 0.43223443223443225, 0.20658079808702695)","(0.3842364532019704, 20.596908442330566, 0.4312169312169312)"
1965,"(0.665948275862069, 0.43223443223443225, 0.20658079808702695)","(0.3842364532019704, 20.596908442330566, 0.4312169312169312)"
1966,"(0.665948275862069, 0.43223443223443225, 0.20658079808702695)","(0.3842364532019704, 20.596908442330566, 0.4312169312169312)"
1967,"(0.665948275862069, 0.43223443223443225, 0.20658079808702695)","(0.3842364532019704, 20.596908442330566, 0.4312169312169312)"
1968,"(0.665948275862069, 0.43223443223443225, 0.20658079808702695)","(0.3842364532019704, 20.596908442330566, 0.4312169312169312)"
1969,"(0.665948275862069, 0.43223443223443225, 0.20658079808702695)","(0.3842364532019704, 20.596908442330566, 0.4312169312169312)"
1970,"(0.665948275862069, 0.43223443223443225, 0.20658079808702695)","(0.3842364532019704, 20.596908442330566, 0.4312169312169312)"
1971,"(0.6681034482758621, 0.43795620437956206, 0.21410122610551185)","(0.3866995073891626, 20.5564803804994, 0.42857142857142855)"
1972,"(0.6681034482758621, 0.43795620437956206, 0.21410122610551185)","(0.3866995073891626, 20.5564803804994, 0.42857142857142855)"
1973,"(0.6681034482758621, 0.43795620437956206, 0.21410122610551185)","(0.3866995073891626, 20.5564803804994, 0.42857142857142855)"
1974,"(0.6681034482758621, 0.43795620437956206, 0.21410122610551185)","(0.3866995073891626, 20.5564803804994, 0.42857142857142855)"
1975,"(0.6702586206896551, 0.43956043956043955, 0.21708644147944042)","(0.3842364532019704, 20.18311533888229, 0.39285714285714285)"
1976,"(0.6702586206896551, 0.43956043956043955, 0.21708644147944042)","(0.3842364532019704, 20.18311533888229, 0.39285714285714285)"
1977,"(0.6702586206896551, 0.43956043956043955, 0.21708644147944042)","(0.3842364532019704, 20.18311533888229, 0.39285714285714285)"
1978,"(0.6702586206896551, 0.43956043956043955, 0.21708644147944042)","(0.3842364532019704, 20.18311533888229, 0.39285714285714285)"
1979,"(0.6702586206896551, 0.43956043956043955, 0.21708644147944042)","(0.3842364532019704, 20.18311533888229, 0.39285714285714285)"
1980,"(0.6702586206896551, 0.43956043956043955, 0.21708644147944042)","(0.3842364532019704, 20.18311533888229, 0.39285714285714285)"
1981,"(0.6702586206896551, 0.43956043956043955, 0.21708644147944042)","(0.3842364532019704, 20.18311533888229, 0.39285714285714285)"
1982,"(0.6702586206896551, 0.43956043956043955, 0.21708644147944042)","(0.3842364532019704, 20.18311533888229, 0.39285714285714285)"
1983,"(0.6702586206896551, 0.43956043956043955, 0.21708644147944042)","(0.3842364532019704, 20.18311533888229, 0.39285714285714285)"
1984,"(0.6702586206896551, 0.43956043956043955, 0.21708644147944042)","(0.3842364532019704, 20.18311533888229, 0.39285714285714285)"
1985,"(0.6702586206896551, 0.43956043956043955, 0.21708644147944042)","(0.3842364532019704, 20.18311533888229, 0.39285714285714285)"
1986,"(0.6702586206896551, 0.43956043956043955, 0.21708644147944042)","(0.3842364532019704, 20.18311533888229, 0.39285714285714285)"
1987,"(0.6681034482758621, 0.43795620437956206, 0.21410122610551185)","(0.3866995073891626, 20.280618311533885, 0.39021164021164023)"
1988,"(0.6681034482758621, 0.43795620437956206, 0.21410122610551185)","(0.3866995073891626, 20.280618311533885, 0.39021164021164023)"
1989,"(0.665948275862069, 0.43636363636363634, 0.2111302396128388)","(0.3891625615763547, 20.71343638525564, 0.42592592592592593)"
1990,"(0.665948275862069, 0.43636363636363634, 0.2111302396128388)","(0.3891625615763547, 20.71343638525564, 0.42592592592592593)"
1991,"(0.665948275862069, 0.43636363636363634, 0.2111302396128388)","(0.3891625615763547, 20.71343638525564, 0.42592592592592593)"
1992,"(0.665948275862069, 0.43636363636363634, 0.2111302396128388)","(0.3891625615763547, 20.71343638525564, 0.42592592592592593)"
1993,"(0.665948275862069, 0.43636363636363634, 0.2111302396128388)","(0.3891625615763547, 20.71343638525564, 0.42592592592592593)"
1994,"(0.665948275862069, 0.43636363636363634, 0.2111302396128388)","(0.3891625615763547, 20.71343638525564, 0.42592592592592593)"
1995,"(0.665948275862069, 0.43636363636363634, 0.2111302396128388)","(0.3891625615763547, 20.71343638525564, 0.42592592592592593)"
1996,"(0.665948275862069, 0.43636363636363634, 0.2111302396128388)","(0.3891625615763547, 20.71343638525564, 0.42592592592592593)"
1997,"(0.665948275862069, 0.43636363636363634, 0.2111302396128388)","(0.3891625615763547, 20.71343638525564, 0.42592592592592593)"
1998,"(0.665948275862069, 0.43636363636363634, 0.2111302396128388)","(0.3891625615763547, 20.71343638525564, 0.42592592592592593)"
1999,"(0.665948275862069, 0.43636363636363634, 0.2111302396128388)","(0.3891625615763547, 20.71343638525564, 0.42592592592592593)"
2000,"(0.665948275862069, 0.43636363636363634, 0.2111302396128388)","(0.3891625615763547, 20.71343638525564, 0.42592592592592593)"
